Vernier Format 2
cstr_1200_300_series.txt 8/4/118 12:34:32
Run 1
Time	Conductivity	Conductivity	Conductivity	
T	C	C	C	
s	µS/cm	µS/cm	µS/cm	

0	750	378	762	
1	770	378	772	
2	750	388	762	
3	799	378	772	
4	818	378	762	
5	750	378	751	
6	770	378	781	
7	809	378	762	
8	770	378	762	
9	809	378	781	
10	760	378	751	
11	770	378	762	
12	799	388	772	
13	770	378	751	
14	789	388	772	
15	750	388	772	
16	770	378	762	
17	779	378	772	
18	760	388	751	
19	770	378	772	
20	809	378	772	
21	867	378	722	
22	994	378	762	
23	1161	378	732	
24	1444	378	692	
25	1639	388	702	
26	1747	378	712	
27	1855	378	682	
28	1913	388	712	
29	1923	369	692	
30	1942	378	682	
31	1972	378	732	
32	1972	388	692	
33	1952	378	682	
34	1972	378	712	
35	1962	378	742	
36	1942	378	712	
37	1962	378	742	
38	1991	388	762	
39	1962	378	702	
40	1972	378	722	
41	1972	378	772	
42	1952	378	742	
43	1952	388	751	
44	1972	378	762	
45	1952	378	762	
46	1903	388	751	
47	1942	378	792	
48	1962	378	772	
49	1913	378	762	
50	1913	378	781	
51	1913	378	802	
52	1884	378	781	
53	1913	378	772	
54	1913	378	821	
55	1893	378	792	
56	1884	378	781	
57	1893	378	802	
58	1903	378	811	
59	1844	378	792	
60	1884	378	821	
61	1893	378	821	
62	1864	378	802	
63	1864	388	821	
64	1864	388	841	
65	1864	378	811	
66	1835	378	821	
67	1844	378	851	
68	1855	378	841	
69	1805	378	821	
70	1844	378	851	
71	1815	388	871	
72	1815	378	841	
73	1796	388	851	
74	1844	388	871	
75	1786	378	851	
76	1805	378	851	
77	1805	388	881	
78	1815	378	881	
79	1786	378	862	
80	1786	388	891	
81	1796	378	881	
82	1756	378	851	
83	1767	388	881	
84	1786	369	891	
85	1767	378	881	
86	1776	378	881	
87	1786	388	921	
88	1756	378	901	
89	1747	388	891	
90	1756	378	921	
91	1756	378	921	
92	1747	378	881	
93	1756	388	921	
94	1737	388	931	
95	1708	378	911	
96	1708	378	921	
97	1718	378	951	
98	1698	378	921	
99	1708	378	911	
100	1718	378	941	
101	1698	378	941	
102	1688	378	911	
103	1708	369	951	
104	1727	388	931	
105	1679	378	921	
106	1698	378	931	
107	1688	388	971	
108	1688	388	921	
109	1698	378	951	
110	1698	378	981	
111	1659	378	961	
112	1649	378	931	
113	1698	388	961	
114	1688	378	961	
115	1630	378	951	
116	1659	388	971	
117	1659	378	971	
118	1639	378	951	
119	1649	388	971	
120	1659	369	981	
121	1639	388	961	
122	1630	369	961	
123	1639	378	1011	
124	1649	378	971	
125	1630	378	971	
126	1639	388	1001	
127	1610	388	1001	
128	1600	388	971	
129	1630	388	991	
130	1610	378	1001	
131	1610	378	971	
132	1591	388	991	
133	1610	378	1011	
134	1581	388	981	
135	1591	378	981	
136	1610	388	1011	
137	1591	378	1011	
138	1571	378	1001	
139	1581	378	1031	
140	1581	388	1041	
141	1551	388	991	
142	1571	378	1011	
143	1571	378	1021	
144	1542	378	991	
145	1551	369	1011	
146	1581	388	1031	
147	1532	378	1021	
148	1551	378	1011	
149	1571	378	1041	
150	1532	378	1031	
151	1503	378	1011	
152	1551	378	1051	
153	1561	388	1031	
154	1532	369	1021	
155	1542	378	1041	
156	1551	378	1061	
157	1503	378	1011	
158	1522	369	1041	
159	1551	378	1061	
160	1493	388	1021	
161	1483	388	1041	
162	1532	378	1051	
163	1522	388	1031	
164	1473	378	1041	
165	1503	388	1061	
166	1503	388	1051	
167	1493	378	1031	
168	1493	369	1061	
169	1503	378	1071	
170	1483	378	1041	
171	1503	388	1041	
172	1512	378	1081	
173	1483	378	1031	
174	1463	388	1051	
175	1473	388	1071	
176	1483	378	1051	
177	1473	378	1031	
178	1483	388	1061	
179	1473	378	1081	
180	1424	378	1051	
181	1454	378	1071	
182	1454	378	1091	
183	1434	388	1061	
184	1444	378	1051	
185	1473	378	1081	
186	1454	378	1061	
187	1405	388	1061	
188	1454	378	1091	
189	1444	378	1101	
190	1415	388	1051	
191	1415	378	1061	
192	1434	378	1081	
193	1424	388	1061	
194	1395	388	1081	
195	1415	388	1111	
196	1444	378	1091	
197	1415	378	1071	
198	1415	378	1101	
199	1424	369	1091	
200	1385	388	1081	
201	1405	388	1081	
202	1405	388	1111	
203	1395	388	1081	
204	1366	378	1091	
205	1415	378	1081	
206	1415	378	1111	
207	1366	378	1081	
208	1395	388	1091	
209	1405	378	1111	
210	1405	378	1081	
211	1346	388	1091	
212	1395	378	1111	
213	1415	378	1121	
214	1346	378	1081	
215	1375	378	1081	
216	1395	378	1121	
217	1356	378	1101	
218	1336	378	1091	
219	1375	378	1121	
220	1366	378	1121	
221	1336	388	1091	
222	1346	378	1111	
223	1356	378	1121	
224	1336	378	1081	
225	1327	378	1081	
226	1346	378	1131	
227	1366	378	1121	
228	1317	378	1111	
229	1327	378	1121	
230	1346	378	1131	
231	1336	378	1091	
232	1336	378	1101	
233	1336	388	1121	
234	1327	378	1131	
235	1317	378	1091	
236	1336	378	1121	
237	1346	388	1131	
238	1327	378	1101	
239	1287	369	1101	
240	1327	388	1121	
241	1317	378	1121	
242	1307	378	1101	
243	1327	378	1121	
244	1336	378	1121	
245	1287	378	1121	
246	1287	388	1111	
247	1317	378	1140	
248	1317	388	1111	
249	1268	378	1111	
250	1317	378	1121	
251	1327	378	1121	
252	1268	378	1111	
253	1287	378	1121	
254	1287	388	1131	
255	1287	378	1131	
256	1287	378	1091	
257	1268	388	1121	
258	1298	378	1140	
259	1258	378	1111	
260	1268	378	1121	
261	1287	378	1131	
262	1287	378	1111	
263	1258	388	1111	
264	1268	378	1151	
265	1287	378	1121	
266	1258	378	1111	
267	1268	378	1121	
268	1258	378	1140	
269	1268	378	1111	
270	1258	388	1111	
271	1287	378	1140	
272	1268	388	1131	
273	1229	378	1111	
274	1248	378	1121	
275	1268	378	1151	
276	1258	388	1111	
277	1239	388	1111	
278	1248	378	1160	
279	1239	378	1140	
280	1239	378	1101	
281	1219	378	1131	
282	1258	378	1140	
283	1210	378	1121	
284	1190	378	1121	
285	1239	378	1131	
286	1248	388	1121	
287	1210	378	1111	
288	1219	378	1140	
289	1219	378	1170	
290	1229	378	1111	
291	1229	378	1111	
292	1248	378	1140	
293	1210	388	1121	
294	1219	388	1111	
295	1239	378	1131	
296	1210	388	1160	
297	1180	378	1131	
298	1210	378	1121	
299	1210	378	1160	
300	1219	378	1131	
301	1190	378	1111	
302	1239	378	1131	
303	1219	378	1131	
304	1180	378	1111	
305	1219	388	1121	
306	1219	378	1160	
307	1170	378	1111	
308	1190	388	1111	
309	1219	388	1140	
310	1180	388	1140	
311	1170	378	1121	
312	1210	378	1131	
313	1219	378	1131	
314	1161	378	1131	
315	1180	378	1131	
316	1210	378	1151	
317	1161	378	1131	
318	1180	378	1101	
319	1190	388	1151	
320	1199	378	1131	
321	1170	378	1121	
322	1180	378	1121	
323	1210	378	1151	
324	1161	378	1121	
325	1170	378	1121	
326	1180	378	1140	
327	1180	378	1140	
328	1161	378	1121	
329	1190	378	1131	
330	1170	378	1140	
331	1161	378	1111	
332	1141	378	1131	
333	1170	388	1140	
334	1161	378	1121	
335	1161	388	1121	
336	1170	388	1140	
337	1131	369	1131	
338	1141	388	1111	
339	1170	388	1131	
340	1161	388	1121	
341	1102	388	1121	
342	1131	378	1140	
343	1131	378	1140	
344	1122	378	1121	
345	1151	378	1121	
346	1170	378	1131	
347	1102	378	1121	
348	1131	378	1111	
349	1151	378	1140	
350	1102	388	1131	
351	1131	378	1121	
352	1141	378	1140	
353	1122	388	1151	
354	1092	388	1131	
355	1111	369	1140	
356	1141	378	1140	
357	1111	378	1121	
358	1131	378	1131	
359	1141	378	1160	
360	1092	378	1121	
361	1102	388	1121	
362	1111	378	1131	
363	1131	388	1121	
364	1092	378	1111	
365	1102	388	1121	
366	1141	388	1131	
367	1102	388	1121	
368	1122	378	1121	
369	1131	369	1131	
370	1092	388	1111	
371	1102	388	1121	
372	1102	378	1151	
373	1102	378	1121	
374	1102	388	1111	
375	1092	378	1140	
376	1131	388	1121	
377	1063	378	1121	
378	1111	388	1121	
379	1111	378	1131	
380	1063	388	1111	
381	1073	378	1111	
382	1092	388	1140	
383	1092	388	1101	
384	1082	378	1121	
385	1092	388	1140	
386	1092	378	1131	
387	1063	369	1091	
388	1092	378	1121	
389	1102	388	1131	
390	1053	388	1111	
391	1082	388	1121	
392	1092	378	1131	
393	1092	388	1111	
394	1063	378	1111	
395	1082	378	1121	
396	1092	388	1121	
397	1082	369	1111	
398	1082	378	1111	
399	1073	378	1131	
400	1063	388	1121	
401	1073	388	1101	
402	1073	378	1131	
403	1082	378	1131	
404	1063	378	1091	
405	1073	388	1131	
406	1063	378	1121	
407	1063	378	1111	
408	1063	378	1111	
409	1092	378	1121	
410	1053	378	1101	
411	1053	378	1111	
412	1053	388	1131	
413	1063	388	1121	
414	1053	388	1091	
415	1043	378	1111	
416	1053	378	1111	
417	1063	378	1091	
418	1034	378	1111	
419	1043	378	1131	
420	1034	378	1121	
421	1053	388	1081	
422	1053	378	1111	
423	1063	378	1121	
424	1063	378	1091	
425	1034	378	1091	
426	1063	378	1111	
427	1043	378	1121	
428	1014	378	1101	
429	1024	378	1111	
430	1063	378	1121	
431	1034	378	1111	
432	1004	378	1091	
433	1024	388	1121	
434	1034	369	1121	
435	1034	378	1081	
436	1034	388	1081	
437	1034	378	1121	
438	1024	388	1111	
439	1014	378	1091	
440	1014	388	1091	
441	1034	378	1111	
442	1024	388	1091	
443	1024	388	1081	
444	1034	378	1091	
445	1043	378	1111	
446	994	388	1091	
447	1024	388	1071	
448	1043	378	1091	
449	1014	378	1121	
450	1004	378	1081	
451	1024	378	1091	
452	1024	378	1111	
453	1014	378	1111	
454	1004	378	1081	
455	1014	388	1091	
456	1034	378	1111	
457	1014	378	1111	
458	1024	378	1071	
459	1004	378	1091	
460	1034	378	1121	
461	1024	378	1111	
462	994	378	1071	
463	994	388	1081	
464	1004	388	1091	
465	1024	378	1091	
466	975	378	1081	
467	985	378	1071	
468	1024	378	1091	
469	1004	378	1101	
470	985	378	1061	
471	1004	378	1071	
472	1024	388	1091	
473	994	378	1091	
474	975	378	1061	
475	1004	378	1061	
476	1004	388	1091	
477	1024	378	1091	
478	994	388	1091	
479	975	378	1061	
480	985	378	1081	
481	1014	378	1101	
482	1024	378	1081	
483	994	378	1051	
484	985	388	1081	
485	1014	388	1081	
486	1004	378	1101	
487	975	378	1081	
488	955	388	1071	
489	975	378	1071	
490	985	378	1081	
491	965	369	1081	
492	955	378	1051	
493	965	378	1051	
494	1014	378	1081	
495	994	378	1081	
496	965	378	1081	
497	955	378	1061	
498	955	388	1081	
499	975	369	1081	
500	1004	378	1091	
501	955	378	1071	
502	946	388	1061	
503	955	378	1071	
504	975	378	1081	
505	965	378	1081	
506	975	378	1061	
507	975	378	1041	
508	975	378	1051	
509	975	378	1071	
510	985	388	1061	
511	955	378	1041	
512	946	388	1041	
513	955	378	1051	
514	994	378	1061	
515	975	378	1061	
516	975	388	1041	
517	955	378	1051	
518	975	388	1051	
519	965	378	1081	
520	965	378	1071	
521	955	378	1061	
522	965	378	1041	
523	926	378	1041	
524	955	378	1051	
525	965	378	1071	
526	985	378	1071	
527	946	388	1051	
528	965	378	1041	
529	965	378	1031	
530	975	378	1041	
531	946	378	1061	
532	955	388	1061	
533	946	378	1041	
534	955	378	1041	
535	916	378	1041	
536	936	378	1061	
537	975	378	1051	
538	975	378	1061	
539	936	378	1051	
540	936	378	1021	
541	936	369	1041	
542	975	378	1041	
543	946	369	1061	
544	975	378	1051	
545	946	378	1041	
546	946	378	1031	
547	916	388	1031	
548	946	378	1031	
549	936	378	1051	
550	975	378	1041	
551	946	378	1061	
552	946	388	1041	
553	926	378	1041	
554	936	378	1031	
555	946	378	1011	
556	936	378	1041	
557	936	378	1051	
558	946	369	1051	
559	946	388	1051	
560	926	388	1041	
561	946	378	1031	
562	916	378	1011	
563	936	388	1011	
564	916	378	1041	
565	946	378	1031	
566	926	388	1051	
567	955	378	1041	
568	936	378	1031	
569	936	378	1031	
570	906	378	1031	
571	906	378	1031	
572	906	388	1031	
573	946	378	1051	
574	926	388	1041	
575	926	388	1041	
576	906	378	1041	
577	906	378	1031	
578	936	378	1011	
579	897	378	1011	
580	906	378	1031	
581	906	378	1041	
582	926	378	1041	
583	936	378	1041	
584	936	369	1041	
585	926	378	1021	
586	926	369	1011	
587	926	378	1001	
588	906	378	1011	
589	906	378	1021	
590	906	369	1041	
591	946	378	1031	
592	926	378	1031	
593	936	388	1031	
594	906	378	1011	
595	916	378	1011	
596	887	388	1011	
597	897	388	1001	
598	926	378	1001	
599	906	378	1001	
600	936	378	1011	
601	906	378	1031	
602	946	378	1021	
603	916	378	1031	
604	926	378	1011	
605	926	378	1011	
606	897	388	1001	
607	906	378	1001	
608	897	369	991	
609	926	378	1001	
610	887	378	1021	
611	936	378	1011	
612	936	378	1021	
613	906	378	1031	
614	897	378	1021	
615	897	378	1011	
616	906	378	1001	
617	887	369	981	
618	877	378	1001	
619	916	369	1001	
620	926	378	981	
621	897	369	1011	
622	906	369	1011	
623	926	378	1011	
624	897	369	1011	
625	926	378	1001	
626	887	388	1001	
627	877	378	981	
628	906	378	971	
629	877	378	981	
630	897	388	991	
631	897	388	1001	
632	906	388	1011	
633	906	378	1001	
634	916	378	1011	
635	897	369	1011	
636	877	378	1011	
637	887	378	1001	
638	906	378	971	
639	867	378	971	
640	867	388	981	
641	887	388	981	
642	887	388	981	
643	906	378	971	
644	897	388	981	
645	906	378	1001	
646	926	369	991	
647	906	378	1001	
648	897	388	1001	
649	887	378	1011	
650	906	378	981	
651	897	378	991	
652	897	378	971	
653	867	378	971	
654	867	378	961	
655	867	378	971	
656	877	378	971	
657	887	378	981	
658	877	388	981	
659	887	378	981	
660	906	378	981	
661	906	378	981	
662	887	378	1001	
663	867	378	1001	
664	877	378	1001	
665	906	378	991	
666	867	369	991	
667	867	378	981	
668	897	378	971	
669	867	378	971	
670	858	369	971	
671	867	378	961	
672	887	378	951	
673	858	378	961	
674	858	378	961	
675	858	378	961	
676	867	388	961	
677	887	378	961	
678	867	378	971	
679	867	378	971	
680	897	388	971	
681	867	378	971	
682	897	388	971	
683	867	369	981	
684	906	378	981	
685	867	388	981	
686	906	388	971	
687	897	378	971	
688	887	369	971	
689	887	378	971	
690	906	378	971	
691	897	388	971	
692	906	378	961	
693	897	378	971	
694	897	378	951	
695	858	388	961	
696	867	378	961	
697	877	388	971	
698	858	388	951	
699	858	378	941	
700	858	378	951	
701	867	378	951	
702	877	388	931	
703	848	378	951	
704	867	378	951	
705	848	369	951	
706	877	378	941	
707	858	378	931	
708	867	378	931	
709	858	378	941	
710	867	378	941	
711	838	378	951	
712	867	378	921	
713	867	378	931	
714	858	378	941	
715	848	378	931	
716	848	378	921	
717	858	388	931	
718	838	378	951	
719	828	378	941	
720	838	378	941	
721	858	378	951	
722	848	378	941	
723	867	388	921	
724	867	378	931	
725	867	378	931	
726	848	378	921	
727	848	378	921	
728	867	378	921	
729	858	378	921	
730	838	378	931	
731	858	378	931	
732	867	378	931	
733	867	378	931	
734	867	378	931	
735	867	378	941	
736	858	378	941	
737	877	378	931	
738	867	378	931	
739	858	378	941	
740	858	388	951	
741	858	378	951	
742	887	378	931	
743	877	378	941	
744	897	378	941	
745	858	388	951	
746	877	369	951	
747	848	378	961	
748	858	378	951	
749	858	378	931	
750	867	369	921	
751	867	388	931	
752	858	378	931	
753	838	378	941	
754	848	378	931	
755	858	378	921	
756	858	388	921	
757	828	378	921	
758	858	388	911	
759	858	378	921	
760	848	378	921	
761	858	378	901	
762	828	388	911	
763	828	378	911	
764	838	378	921	
765	818	378	921	
766	838	378	921	
767	828	388	941	
768	858	378	921	
769	838	378	931	
770	848	378	941	
771	858	378	921	
772	858	378	941	
773	867	378	921	
774	867	378	931	
775	877	378	921	
776	867	378	921	
777	858	388	911	
778	828	378	921	
779	828	378	921	
780	818	378	911	
781	818	388	901	
782	809	388	901	
783	818	378	911	
784	818	369	901	
785	858	378	901	
786	867	388	901	
787	858	378	921	
788	848	378	931	
789	858	388	921	
790	877	369	931	
791	858	388	921	
792	848	378	921	
793	838	378	921	
794	867	369	901	
795	858	378	911	
796	848	378	901	
797	858	378	891	
798	828	378	901	
799	828	388	891	
800	828	378	891	
801	818	378	901	
802	828	378	891	
803	858	378	911	
804	828	388	911	
805	867	378	911	
806	838	388	921	
807	858	378	921	
808	838	388	921	
809	848	369	911	
810	848	378	901	
811	838	378	891	
812	838	388	891	
813	848	388	881	
814	838	378	881	
815	848	378	881	
816	818	378	901	
817	828	378	901	
818	858	378	891	
819	828	378	921	
820	858	378	901	
821	858	378	901	
822	858	388	901	
823	828	378	901	
824	818	378	901	
825	828	369	891	
826	848	378	871	
827	818	388	881	
828	799	388	891	
829	828	388	871	
830	828	378	891	
831	848	388	891	
832	838	369	901	
833	858	378	911	
834	858	378	901	
835	818	388	901	
836	848	378	891	
837	848	378	881	
838	809	388	881	
839	828	378	881	
840	828	378	871	
841	809	388	881	
842	818	378	891	
843	858	378	891	
844	858	378	901	
845	858	378	891	
846	828	378	901	
847	848	378	891	
848	848	378	881	
849	818	378	871	
850	809	378	862	
851	828	369	871	
852	828	378	881	
853	848	378	881	
854	828	378	881	
855	828	378	891	
856	818	388	901	
857	828	378	881	
858	838	369	881	
859	828	378	851	
860	828	369	871	
861	828	378	851	
862	799	388	871	
863	818	369	881	
864	828	378	891	
865	828	378	881	
866	848	378	891	
867	858	369	871	
868	828	378	881	
869	828	369	871	
870	828	378	862	
871	809	378	862	
872	838	369	862	
873	848	378	871	
874	848	378	881	
875	858	378	881	
876	828	378	891	
877	818	378	871	
878	818	378	851	
879	818	378	871	
880	828	388	862	
881	799	388	871	
882	828	378	881	
883	848	378	881	
884	838	388	881	
885	818	378	881	
886	828	378	851	
887	799	378	851	
888	818	378	871	
889	818	388	862	
890	858	378	871	
891	828	378	881	
892	818	378	881	
893	799	388	871	
894	809	388	871	
895	818	378	851	
896	828	369	851	
897	818	378	862	
898	828	378	871	
899	858	378	871	
900	818	388	871	
901	828	388	841	
902	799	378	841	
903	828	388	851	
904	818	378	851	
905	818	378	881	
906	838	388	881	
907	809	378	871	
908	799	388	841	
909	809	378	841	
910	828	378	851	
911	818	378	862	
912	818	388	881	
913	828	388	871	
914	818	388	851	
915	799	378	851	
916	799	369	851	
917	828	378	862	
918	848	378	862	
919	818	378	871	
920	818	388	851	
921	828	378	841	
922	799	378	841	
923	818	378	851	
924	828	369	851	
925	818	388	862	
926	818	378	851	
927	809	378	841	
928	770	388	841	
929	838	378	851	
930	818	378	851	
931	809	388	862	
932	779	369	851	
933	799	388	832	
934	809	378	841	
935	809	378	862	
936	818	378	851	
937	848	378	841	
938	818	388	841	
939	809	388	821	
940	779	378	851	
941	818	378	851	
942	848	378	851	
943	789	388	851	
944	818	378	821	
945	818	378	841	
946	828	369	851	
947	848	378	851	
948	828	378	841	
949	779	378	841	
950	799	378	821	
951	818	378	862	
952	838	388	851	
953	838	388	841	
954	818	378	821	
955	809	388	821	
956	848	378	841	
957	828	378	851	
958	828	378	841	
959	818	378	811	
960	809	388	832	
961	799	388	862	
962	818	378	851	
963	809	378	832	
964	818	378	821	
965	818	378	821	
966	818	388	841	
967	809	378	851	
968	809	388	832	
969	770	378	821	
970	799	388	832	
971	828	378	851	
972	828	388	832	
973	789	378	821	
974	799	378	821	
975	809	388	841	
976	799	378	851	
977	799	378	851	
978	799	378	821	
979	770	378	832	
980	809	388	841	
981	838	378	841	
982	818	378	811	
983	770	388	821	
984	799	378	821	
985	828	378	841	
986	818	378	841	
987	770	378	821	
988	779	378	811	
989	838	378	832	
990	838	378	841	
991	818	378	802	
992	809	378	821	
993	828	378	821	
994	799	388	851	
