Vernier Format 2
cstr_600_100_1.txt 8/2/118 13:32:7
Run 1
Time	Conductivity	Conductivity	Conductivity	
T	C	C	C	
s	µS/cm	µS/cm	µS/cm	

0	1028	1603	1228	
1	1078	1623	1318	
2	1008	1612	1262	
3	1018	1603	1318	
4	1058	1582	1340	
5	998	1603	1239	
6	1058	1633	1307	
7	1028	1643	1329	
8	1018	1612	1251	
9	1067	1582	1329	
10	989	1593	1262	
11	1038	1603	1307	
12	1078	1612	1385	
13	1018	1623	1251	
14	1038	1623	1251	
15	1048	1593	1362	
16	959	1612	1262	
17	1048	1612	1296	
18	1018	1612	1351	
19	1008	1603	1228	
20	1067	1623	1307	
21	1028	1643	1318	
22	998	1612	1251	
23	1048	1582	1362	
24	959	1593	1239	
25	1048	1623	1262	
26	1058	1633	1385	
27	1018	1612	1228	
28	1038	1603	1329	
29	1028	1603	1262	
30	969	1612	1251	
31	1078	1612	1396	
32	1048	1603	1251	
33	1097	1612	1262	
34	1176	1603	1351	
35	1186	1582	1262	
36	1285	1582	1340	
37	1245	1572	1273	
38	1315	1593	1262	
39	1443	1603	1340	
40	1354	1603	1273	
41	1472	1553	1307	
42	1452	1542	1273	
43	1433	1582	1195	
44	1522	1612	1351	
45	1463	1612	1251	
46	1502	1582	1273	
47	1463	1562	1307	
48	1452	1572	1239	
49	1581	1603	1340	
50	1472	1603	1262	
51	1551	1572	1284	
52	1511	1553	1273	
53	1482	1582	1195	
54	1581	1593	1340	
55	1482	1582	1239	
56	1561	1582	1284	
57	1541	1572	1284	
58	1472	1572	1262	
59	1551	1572	1340	
60	1502	1582	1228	
61	1591	1582	1273	
62	1531	1593	1307	
63	1482	1572	1262	
64	1581	1553	1340	
65	1502	1553	1217	
66	1600	1603	1273	
67	1551	1603	1329	
68	1482	1582	1239	
69	1581	1542	1351	
70	1492	1572	1195	
71	1581	1582	1273	
72	1581	1612	1362	
73	1482	1582	1228	
74	1571	1562	1307	
75	1492	1553	1251	
76	1541	1582	1251	
77	1600	1603	1362	
78	1502	1603	1239	
79	1571	1542	1318	
80	1502	1553	1262	
81	1511	1582	1228	
82	1581	1623	1362	
83	1492	1603	1217	
84	1591	1562	1284	
85	1511	1562	1262	
86	1502	1572	1262	
87	1600	1582	1340	
88	1502	1603	1217	
89	1600	1582	1307	
90	1482	1553	1239	
91	1551	1572	1273	
92	1581	1582	1340	
93	1511	1572	1228	
94	1611	1572	1340	
95	1502	1572	1239	
96	1511	1582	1284	
97	1541	1582	1362	
98	1511	1582	1173	
99	1591	1582	1340	
100	1502	1582	1273	
101	1502	1582	1273	
102	1541	1582	1351	
103	1511	1572	1206	
104	1581	1582	1351	
105	1492	1603	1239	
106	1511	1582	1262	
107	1531	1562	1307	
108	1511	1582	1173	
109	1611	1603	1318	
110	1502	1582	1262	
111	1541	1572	1251	
112	1551	1562	1307	
113	1502	1582	1184	
114	1600	1603	1307	
115	1502	1582	1251	
116	1551	1553	1307	
117	1531	1542	1284	
118	1511	1582	1195	
119	1581	1612	1340	
120	1463	1603	1251	
121	1541	1553	1340	
122	1472	1542	1273	
123	1502	1603	1217	
124	1581	1612	1340	
125	1492	1582	1217	
126	1581	1572	1307	
127	1443	1553	1251	
128	1522	1582	1262	
129	1531	1612	1340	
130	1463	1582	1251	
131	1531	1553	1351	
132	1433	1553	1217	
133	1531	1603	1340	
134	1502	1612	1296	
135	1511	1582	1262	
136	1522	1553	1318	
137	1443	1562	1217	
138	1541	1582	1374	
139	1502	1603	1217	
140	1551	1572	1307	
141	1472	1553	1284	
142	1472	1572	1273	
143	1511	1593	1374	
144	1472	1603	1228	
145	1522	1582	1284	
146	1443	1553	1239	
147	1492	1582	1273	
148	1511	1603	1351	
149	1492	1603	1195	
150	1511	1562	1351	
151	1443	1562	1228	
152	1541	1582	1340	
153	1472	1582	1251	
154	1531	1582	1262	
155	1492	1553	1318	
156	1452	1582	1228	
157	1511	1582	1385	
158	1463	1603	1184	
159	1541	1582	1318	
160	1433	1582	1239	
161	1522	1562	1351	
162	1482	1603	1262	
163	1502	1572	1262	
164	1492	1582	1318	
165	1423	1572	1251	
166	1511	1582	1351	
167	1433	1582	1206	
168	1551	1593	1329	
169	1403	1582	1251	
170	1522	1562	1318	
171	1443	1572	1239	
172	1522	1572	1284	
173	1463	1612	1318	
174	1463	1572	1239	
175	1472	1553	1329	
176	1443	1582	1206	
177	1511	1593	1362	
178	1423	1582	1262	
179	1502	1562	1351	
180	1423	1562	1228	
181	1511	1582	1284	
182	1463	1612	1273	
183	1463	1572	1273	
184	1463	1562	1307	
185	1463	1572	1228	
186	1502	1612	1362	
187	1413	1593	1251	
188	1511	1553	1318	
189	1423	1562	1195	
190	1511	1612	1329	
191	1443	1612	1239	
192	1472	1553	1340	
193	1393	1572	1284	
194	1472	1593	1284	
195	1452	1612	1318	
196	1443	1572	1251	
197	1472	1562	1296	
198	1423	1572	1195	
199	1522	1612	1351	
200	1403	1603	1228	
201	1502	1542	1340	
202	1413	1582	1184	
203	1531	1603	1374	
204	1423	1603	1228	
205	1492	1542	1340	
206	1383	1553	1195	
207	1502	1612	1351	
208	1403	1612	1273	
209	1492	1572	1296	
210	1403	1542	1228	
211	1472	1612	1318	
212	1433	1603	1307	
213	1463	1582	1251	
214	1443	1542	1329	
215	1413	1593	1184	
216	1472	1612	1340	
217	1433	1582	1228	
218	1443	1542	1351	
219	1393	1582	1195	
220	1482	1612	1362	
221	1413	1593	1217	
222	1452	1562	1351	
223	1413	1572	1184	
224	1502	1603	1362	
225	1423	1582	1228	
226	1443	1542	1351	
227	1383	1572	1228	
228	1502	1623	1351	
229	1403	1593	1239	
230	1472	1553	1318	
231	1393	1562	1228	
232	1502	1603	1374	
233	1393	1593	1262	
234	1472	1553	1318	
235	1393	1572	1195	
236	1492	1623	1374	
237	1393	1603	1217	
238	1463	1542	1351	
239	1383	1582	1195	
240	1492	1623	1351	
241	1393	1593	1239	
242	1452	1553	1351	
243	1383	1593	1184	
244	1482	1623	1329	
245	1374	1593	1217	
246	1413	1562	1329	
247	1393	1603	1195	
248	1423	1612	1340	
249	1363	1582	1262	
250	1433	1553	1351	
251	1433	1582	1206	
252	1413	1612	1340	
253	1383	1582	1273	
254	1413	1572	1329	
255	1423	1603	1228	
256	1393	1603	1307	
257	1413	1572	1296	
258	1393	1572	1329	
259	1463	1582	1262	
260	1354	1582	1284	
261	1433	1572	1351	
262	1393	1603	1239	
263	1463	1603	1296	
264	1354	1572	1262	
265	1463	1582	1340	
266	1393	1603	1184	
267	1443	1572	1362	
268	1354	1572	1217	
269	1413	1603	1362	
270	1433	1603	1239	
271	1383	1582	1307	
272	1423	1582	1318	
273	1393	1603	1284	
274	1452	1582	1318	
275	1354	1562	1251	
276	1463	1593	1351	
277	1383	1612	1206	
278	1452	1582	1318	
279	1315	1582	1228	
280	1443	1612	1374	
281	1393	1582	1228	
282	1363	1553	1284	
283	1423	1593	1284	
284	1383	1612	1262	
285	1433	1582	1307	
286	1334	1562	1217	
287	1463	1612	1329	
288	1354	1612	1228	
289	1413	1562	1329	
290	1344	1582	1173	
291	1463	1623	1340	
292	1363	1582	1228	
293	1383	1572	1273	
294	1433	1593	1307	
295	1354	1623	1273	
296	1423	1542	1351	
297	1354	1572	1228	
298	1443	1612	1362	
299	1354	1582	1228	
300	1393	1572	1273	
301	1433	1603	1262	
302	1363	1612	1262	
303	1423	1553	1329	
304	1354	1582	1217	
305	1452	1603	1374	
306	1354	1582	1262	
307	1383	1572	1284	
308	1403	1582	1273	
309	1354	1612	1284	
310	1433	1572	1307	
311	1324	1582	1228	
312	1433	1603	1340	
313	1354	1582	1228	
314	1354	1582	1296	
315	1433	1582	1307	
316	1304	1603	1262	
317	1423	1562	1362	
318	1354	1582	1206	
319	1393	1593	1318	
320	1374	1593	1251	
321	1363	1582	1273	
322	1413	1603	1329	
323	1285	1603	1251	
324	1393	1582	1351	
325	1403	1582	1217	
326	1334	1582	1296	
327	1393	1572	1362	
328	1334	1603	1184	
329	1383	1603	1351	
330	1383	1582	1262	
331	1334	1572	1228	
332	1433	1582	1351	
333	1304	1582	1228	
334	1354	1572	1329	
335	1433	1582	1273	
336	1304	1593	1251	
337	1393	1582	1340	
338	1363	1582	1239	
339	1354	1593	1262	
340	1383	1572	1362	
341	1315	1582	1217	
342	1393	1612	1307	
343	1363	1582	1307	
344	1315	1582	1228	
345	1433	1603	1318	
346	1344	1582	1262	
347	1334	1582	1262	
348	1413	1593	1340	
349	1304	1582	1228	
350	1363	1582	1307	
351	1413	1612	1307	
352	1285	1612	1228	
353	1363	1582	1351	
354	1393	1593	1228	
355	1334	1603	1251	
356	1393	1572	1374	
357	1315	1582	1228	
358	1354	1603	1307	
359	1383	1572	1329	
360	1344	1582	1217	
361	1354	1623	1318	
362	1383	1582	1296	
363	1304	1582	1195	
364	1383	1603	1351	
365	1334	1582	1318	
366	1304	1582	1239	
367	1383	1603	1362	
368	1334	1593	1273	
369	1315	1582	1228	
370	1393	1612	1362	
371	1354	1582	1273	
372	1295	1593	1217	
373	1383	1603	1340	
374	1354	1572	1307	
375	1304	1582	1217	
376	1393	1603	1340	
377	1344	1582	1307	
378	1304	1582	1217	
379	1393	1612	1340	
380	1324	1582	1284	
381	1275	1582	1228	
382	1393	1612	1351	
383	1344	1582	1307	
384	1285	1593	1184	
385	1363	1612	1362	
386	1344	1582	1307	
387	1304	1572	1228	
388	1354	1623	1318	
389	1383	1572	1351	
390	1275	1582	1184	
391	1334	1612	1296	
392	1383	1553	1351	
393	1295	1603	1217	
394	1315	1612	1284	
395	1344	1582	1340	
396	1354	1603	1262	
397	1304	1603	1251	
398	1334	1553	1351	
399	1383	1612	1273	
400	1304	1603	1251	
401	1315	1553	1273	
402	1393	1612	1340	
403	1285	1603	1239	
404	1275	1553	1239	
405	1393	1623	1374	
406	1344	1582	1262	
407	1285	1572	1206	
408	1374	1612	1351	
409	1374	1582	1307	
410	1275	1572	1195	
411	1295	1623	1318	
412	1374	1582	1318	
413	1324	1582	1251	
414	1304	1603	1262	
415	1354	1572	1351	
416	1324	1612	1318	
417	1304	1603	1251	
418	1285	1582	1318	
419	1354	1612	1340	
420	1304	1582	1217	
421	1255	1582	1262	
422	1374	1612	1374	
423	1363	1582	1262	
424	1265	1582	1206	
425	1304	1593	1340	
426	1393	1582	1340	
427	1295	1593	1228	
428	1265	1603	1228	
429	1354	1603	1340	
430	1324	1582	1307	
431	1275	1582	1228	
432	1275	1612	1262	
433	1344	1582	1329	
434	1344	1603	1273	
435	1265	1593	1262	
436	1315	1562	1318	
437	1363	1623	1318	
438	1275	1582	1251	
439	1255	1582	1217	
440	1354	1623	1351	
441	1344	1582	1318	
442	1255	1582	1228	
443	1285	1623	1284	
444	1354	1572	1307	
445	1304	1603	1273	
446	1275	1612	1228	
447	1295	1562	1307	
448	1354	1612	1351	
449	1315	1582	1273	
450	1245	1572	1206	
451	1324	1612	1362	
452	1354	1562	1340	
453	1245	1582	1251	
454	1285	1603	1273	
455	1344	1582	1307	
456	1315	1582	1318	
457	1295	1582	1217	
458	1255	1582	1262	
459	1334	1603	1340	
460	1354	1582	1284	
461	1226	1593	1251	
462	1295	1582	1262	
463	1363	1593	1362	
464	1324	1572	1340	
465	1275	1582	1195	
466	1275	1612	1296	
467	1354	1562	1362	
468	1304	1603	1262	
469	1255	1603	1228	
470	1285	1572	1262	
471	1344	1612	1362	
472	1285	1582	1273	
473	1235	1582	1217	
474	1304	1612	1284	
475	1315	1572	1340	
476	1304	1612	1262	
477	1255	1612	1251	
478	1275	1572	1307	
479	1354	1623	1340	
480	1255	1582	1228	
481	1235	1562	1262	
482	1354	1612	1374	
483	1334	1582	1307	
484	1255	1582	1217	
485	1265	1623	1262	
486	1275	1562	1340	
487	1334	1612	1374	
488	1275	1582	1262	
489	1215	1572	1228	
490	1275	1612	1307	
491	1315	1582	1318	
492	1275	1603	1296	
493	1235	1612	1195	
494	1265	1582	1251	
495	1344	1593	1351	
496	1344	1603	1284	
497	1226	1593	1217	
498	1275	1603	1228	
499	1304	1593	1351	
500	1304	1582	1351	
501	1285	1603	1217	
502	1235	1593	1251	
503	1265	1572	1318	
504	1324	1603	1374	
505	1275	1582	1318	
506	1226	1603	1206	
507	1245	1612	1273	
508	1295	1572	1351	
509	1334	1623	1340	
510	1275	1572	1284	
511	1245	1572	1195	
512	1275	1612	1307	
513	1304	1572	1307	
514	1285	1612	1273	
515	1255	1612	1217	
516	1226	1572	1228	
517	1304	1612	1340	
518	1315	1582	1340	
519	1265	1612	1251	
520	1235	1603	1239	
521	1235	1562	1307	
522	1315	1612	1351	
523	1295	1603	1262	
524	1226	1582	1251	
525	1265	1603	1262	
526	1275	1603	1307	
527	1295	1593	1362	
528	1255	1593	1228	
529	1226	1582	1251	
530	1265	1582	1329	
531	1304	1612	1307	
532	1265	1582	1262	
533	1206	1603	1228	
534	1245	1612	1296	
535	1304	1582	1318	
536	1334	1603	1307	
537	1245	1593	1251	
538	1206	1582	1228	
539	1275	1612	1307	
540	1285	1572	1318	
541	1295	1623	1340	
542	1235	1593	1251	
543	1206	1562	1262	
544	1285	1612	1340	
545	1275	1582	1362	
546	1304	1603	1307	
547	1255	1593	1251	
548	1206	1593	1228	
549	1255	1582	1262	
550	1275	1623	1329	
551	1304	1572	1362	
552	1285	1612	1273	
553	1215	1612	1228	
554	1196	1582	1217	
555	1265	1623	1351	
556	1304	1562	1318	
557	1285	1623	1307	
558	1245	1582	1262	
559	1196	1582	1228	
560	1226	1612	1284	
561	1235	1582	1307	
562	1304	1603	1351	
563	1285	1612	1284	
564	1206	1603	1239	
565	1215	1603	1228	
566	1235	1612	1307	
567	1275	1562	1362	
568	1315	1623	1351	
569	1265	1582	1284	
570	1226	1582	1217	
571	1226	1623	1228	
572	1235	1572	1262	
573	1295	1612	1362	
574	1295	1582	1307	
575	1226	1612	1251	
576	1196	1612	1217	
577	1176	1582	1262	
578	1285	1593	1340	
579	1324	1603	1318	
580	1265	1582	1340	
581	1255	1582	1251	
582	1206	1582	1262	
583	1226	1572	1273	
584	1304	1633	1340	
585	1275	1572	1340	
586	1285	1612	1262	
587	1206	1612	1217	
588	1176	1572	1217	
589	1235	1623	1284	
590	1235	1582	1351	
591	1275	1603	1374	
592	1275	1593	1284	
593	1215	1593	1251	
594	1206	1593	1228	
595	1206	1612	1307	
596	1265	1572	1329	
597	1275	1623	1329	
598	1255	1582	1318	
599	1235	1612	1262	
600	1196	1603	1262	
601	1196	1562	1251	
602	1255	1633	1307	
603	1285	1582	1340	
604	1275	1623	1340	
605	1265	1603	1273	
606	1186	1603	1228	
607	1215	1612	1217	
608	1206	1603	1284	
609	1235	1603	1362	
610	1275	1623	1318	
611	1265	1572	1318	
612	1265	1603	1228	
613	1186	1603	1262	
614	1176	1572	1228	
615	1215	1623	1318	
616	1226	1582	1351	
617	1285	1612	1340	
618	1265	1593	1307	
619	1176	1603	1228	
620	1196	1612	1251	
621	1176	1582	1239	
622	1235	1612	1307	
623	1275	1612	1329	
624	1265	1582	1340	
625	1255	1612	1284	
626	1196	1603	1228	
627	1186	1593	1195	
628	1206	1612	1284	
629	1226	1572	1284	
630	1285	1633	1362	
631	1265	1582	1318	
632	1245	1603	1340	
633	1226	1582	1239	
634	1176	1603	1217	
635	1196	1612	1228	
636	1186	1593	1262	
637	1235	1582	1318	
638	1265	1612	1362	
639	1245	1572	1362	
640	1235	1612	1262	
641	1186	1603	1262	
642	1186	1572	1195	
643	1186	1623	1239	
644	1166	1582	1284	
645	1245	1603	1362	
646	1275	1582	1329	
647	1265	1582	1362	
648	1275	1612	1307	
649	1196	1582	1262	
650	1186	1582	1195	
651	1186	1612	1251	
652	1176	1593	1228	
653	1235	1623	1307	
654	1226	1572	1340	
655	1275	1612	1374	
656	1255	1582	1307	
657	1235	1612	1307	
658	1235	1593	1262	
659	1156	1582	1228	
660	1186	1603	1217	
661	1166	1612	1284	
662	1226	1582	1340	
663	1275	1612	1362	
664	1245	1582	1340	
665	1275	1633	1296	
666	1245	1582	1296	
667	1186	1612	1251	
668	1196	1593	1251	
669	1127	1593	1228	
670	1196	1612	1262	
671	1176	1593	1262	
672	1226	1593	1340	
673	1206	1612	1340	
674	1235	1582	1362	
675	1275	1623	1351	
676	1235	1582	1351	
677	1265	1603	1307	
678	1196	1603	1284	
679	1196	1603	1195	
680	1196	1603	1228	
681	1147	1582	1228	
682	1166	1623	1273	
683	1186	1582	1273	
684	1206	1612	1307	
685	1245	1593	1351	
686	1235	1593	1362	
687	1275	1603	1340	
688	1226	1582	1351	
689	1255	1612	1273	
690	1176	1612	1239	
691	1166	1593	1228	
692	1176	1612	1251	
693	1147	1572	1251	
694	1186	1623	1273	
695	1147	1582	1284	
696	1215	1603	1329	
697	1235	1612	1340	
698	1226	1582	1374	
699	1255	1623	1329	
700	1235	1582	1318	
701	1275	1612	1318	
702	1226	1582	1296	
703	1235	1612	1273	
704	1186	1603	1239	
705	1147	1582	1262	
706	1166	1612	1217	
707	1156	1582	1228	
708	1137	1603	1228	
709	1147	1612	1262	
710	1156	1582	1251	
711	1206	1612	1340	
712	1186	1572	1340	
713	1235	1633	1374	
714	1235	1572	1362	
715	1245	1623	1374	
716	1255	1582	1329	
717	1215	1593	1351	
718	1226	1593	1307	
719	1186	1582	1307	
720	1186	1612	1251	
721	1176	1612	1262	
722	1156	1593	1206	
723	1176	1623	1228	
724	1147	1582	1195	
725	1166	1612	1251	
726	1147	1593	1251	
727	1166	1612	1284	
728	1176	1593	1296	
729	1186	1582	1318	
730	1235	1612	1374	
731	1215	1572	1351	
732	1255	1633	1340	
733	1206	1572	1340	
734	1226	1633	1362	
735	1226	1582	1340	
736	1226	1603	1362	
737	1226	1612	1262	
738	1176	1612	1273	
739	1186	1593	1251	
740	1156	1582	1284	
741	1166	1593	1251	
742	1147	1603	1273	
743	1127	1593	1228	
744	1166	1612	1228	
745	1147	1582	1228	
746	1147	1612	1228	
747	1147	1582	1262	
748	1127	1593	1273	
749	1176	1612	1273	
750	1176	1572	1262	
751	1196	1623	1329	
752	1176	1562	1307	
753	1186	1633	1318	
754	1196	1582	1340	
755	1215	1623	1362	
756	1226	1603	1340	
757	1206	1593	1374	
758	1275	1612	1318	
759	1196	1582	1340	
760	1235	1623	1351	
761	1226	1572	1329	
762	1196	1623	1307	
763	1206	1593	1273	
764	1176	1612	1273	
765	1206	1603	1251	
766	1156	1612	1296	
767	1156	1603	1251	
768	1156	1612	1262	
769	1147	1593	1228	
770	1156	1612	1228	
771	1117	1603	1206	
772	1147	1603	1251	
773	1137	1582	1262	
774	1156	1593	1239	
775	1127	1603	1262	
776	1117	1582	1251	
777	1137	1612	1284	
778	1147	1572	1228	
779	1156	1612	1262	
780	1137	1572	1273	
781	1156	1612	1273	
782	1127	1593	1273	
783	1147	1603	1284	
784	1137	1612	1307	
785	1147	1572	1273	
786	1176	1623	1273	
787	1117	1562	1296	
788	1176	1623	1307	
789	1137	1593	1296	
790	1166	1612	1318	
791	1156	1582	1318	
792	1196	1603	1318	
793	1226	1612	1340	
794	1196	1582	1351	
795	1226	1633	1340	
796	1196	1572	1351	
797	1226	1612	1374	
798	1206	1572	1351	
799	1186	1612	1374	
800	1186	1603	1351	
801	1206	1582	1351	
802	1196	1633	1351	
803	1186	1572	1340	
804	1196	1643	1351	
805	1206	1572	1329	
806	1226	1612	1362	
807	1215	1582	1351	
808	1206	1593	1374	
809	1206	1612	1351	
810	1196	1582	1351	
811	1226	1623	1340	
812	1206	1562	1340	
813	1196	1633	1385	
814	1186	1582	1340	
815	1186	1603	1374	
816	1206	1612	1329	
817	1186	1593	1351	
818	1206	1623	1351	
819	1156	1582	1351	
820	1226	1612	1385	
821	1186	1582	1340	
822	1186	1623	1374	
823	1186	1593	1329	
824	1156	1603	1351	
825	1176	1612	1362	
826	1166	1572	1318	
827	1176	1623	1340	
828	1147	1572	1284	
829	1147	1633	1296	
830	1117	1603	1296	
831	1147	1593	1262	
832	1147	1603	1307	
833	1107	1593	1239	
834	1117	1623	1284	
835	1117	1582	1239	
836	1127	1612	1262	
837	1097	1603	1239	
838	1147	1582	1239	
839	1097	1612	1262	
840	1127	1603	1184	
841	1137	1612	1251	
842	1107	1582	1239	
843	1147	1603	1228	
844	1117	1603	1228	
845	1156	1603	1251	
846	1127	1603	1262	
847	1156	1612	1228	
848	1166	1603	1273	
849	1176	1603	1284	
850	1176	1612	1296	
851	1196	1593	1307	
852	1206	1612	1307	
853	1186	1582	1351	
854	1226	1623	1340	
855	1186	1582	1351	
856	1186	1612	1362	
857	1226	1582	1318	
858	1176	1603	1362	
859	1206	1623	1362	
860	1156	1562	1351	
861	1196	1623	1329	
862	1127	1582	1318	
863	1156	1623	1284	
864	1127	1582	1296	
865	1117	1603	1284	
866	1117	1612	1262	
867	1097	1582	1251	
868	1127	1633	1239	
869	1078	1572	1251	
870	1127	1603	1239	
871	1117	1612	1228	
872	1137	1612	1195	
873	1107	1603	1273	
874	1147	1612	1262	
875	1147	1603	1251	
876	1147	1612	1284	
877	1186	1603	1318	
878	1186	1582	1351	
879	1206	1623	1318	
880	1196	1582	1329	
881	1196	1623	1362	
882	1196	1582	1340	
883	1176	1603	1362	
884	1176	1623	1362	
885	1166	1582	1318	
886	1156	1643	1307	
887	1107	1572	1307	
888	1147	1623	1296	
889	1078	1603	1262	
890	1107	1603	1228	
891	1107	1612	1262	
892	1097	1603	1206	
893	1127	1603	1251	
894	1117	1593	1239	
895	1166	1612	1206	
896	1117	1612	1273	
897	1176	1603	1273	
898	1147	1593	1284	
899	1186	1612	1351	
900	1196	1582	1340	
901	1196	1603	1385	
902	1196	1623	1351	
903	1147	1572	1318	
904	1186	1623	1318	
905	1127	1582	1262	
906	1117	1612	1284	
907	1087	1623	1251	
908	1097	1582	1228	
909	1097	1612	1239	
910	1097	1603	1228	
911	1147	1612	1217	
912	1147	1582	1284	
913	1186	1593	1296	
914	1156	1582	1318	
915	1186	1623	1340	
916	1186	1572	1362	
917	1206	1612	1351	
918	1196	1603	1318	
919	1137	1582	1351	
920	1147	1623	1329	
921	1107	1582	1251	
922	1117	1612	1284	
923	1078	1612	1239	
924	1087	1603	1217	
925	1107	1612	1251	
926	1127	1593	1228	
927	1156	1612	1228	
928	1166	1593	1307	
929	1186	1603	1318	
930	1166	1593	1318	
931	1215	1633	1362	
932	1186	1582	1340	
933	1166	1603	1385	
934	1176	1612	1351	
935	1107	1582	1284	
936	1117	1633	1284	
937	1087	1582	1251	
938	1117	1612	1239	
939	1067	1603	1262	
940	1107	1603	1206	
941	1097	1612	1262	
942	1127	1593	1273	
943	1147	1603	1284	
944	1156	1582	1329	
945	1196	1623	1296	
946	1186	1582	1340	
947	1186	1612	1351	
948	1196	1582	1318	
949	1147	1593	1351	
950	1186	1623	1340	
951	1127	1572	1284	
952	1147	1633	1284	
953	1087	1593	1251	
954	1097	1603	1228	
955	1087	1612	1239	
956	1078	1593	1228	
957	1097	1612	1251	
958	1097	1612	1273	
959	1147	1603	1262	
960	1147	1603	1340	
961	1186	1612	1340	
962	1176	1582	1340	
963	1176	1612	1396	
964	1156	1593	1351	
965	1156	1582	1340	
966	1147	1623	1307	
967	1107	1572	1251	
968	1097	1612	1239	
969	1078	1593	1228	
970	1097	1612	1206	
971	1087	1623	1228	
972	1127	1612	1262	
973	1176	1582	1284	
974	1166	1603	1329	
975	1196	1612	1318	
976	1186	1572	1340	
977	1196	1633	1362	
978	1107	1582	1340	
979	1137	1623	1329	
980	1097	1603	1307	
981	1078	1593	1228	
982	1097	1612	1228	
983	1097	1603	1195	
984	1127	1603	1217	
985	1127	1593	1296	
986	1156	1612	1262	
987	1166	1582	1307	
988	1186	1633	1362	
989	1156	1582	1329	
990	1147	1623	1340	
991	1117	1612	1307	
992	1107	1582	1273	
993	1117	1633	1296	
994	1067	1582	1228	
995	1097	1603	1262	
996	1058	1603	1262	
997	1117	1612	1206	
998	1137	1593	1273	
999	1176	1633	1296	
1000	1176	1582	1307	
1001	1166	1612	1351	
1002	1147	1612	1362	
1003	1127	1582	1362	
1004	1137	1633	1340	
1005	1078	1582	1273	
1006	1097	1612	1284	
1007	1078	1612	1262	
1008	1107	1582	1228	
1009	1078	1603	1262	
1010	1107	1623	1262	
1011	1147	1612	1273	
1012	1147	1612	1340	
1013	1176	1612	1351	
1014	1166	1582	1351	
1015	1156	1623	1385	
1016	1087	1582	1307	
1017	1107	1623	1273	
1018	1078	1612	1251	
1019	1078	1603	1195	
1020	1078	1612	1262	
1021	1107	1612	1262	
1022	1147	1603	1296	
1023	1156	1593	1351	
1024	1186	1623	1351	
1025	1147	1572	1362	
1026	1176	1633	1362	
1027	1137	1582	1329	
1028	1097	1612	1284	
1029	1107	1612	1262	
1030	1078	1582	1195	
1031	1087	1623	1228	
1032	1107	1603	1239	
1033	1127	1612	1262	
1034	1127	1582	1318	
1035	1186	1623	1362	
1036	1127	1593	1329	
1037	1147	1623	1385	
1038	1117	1582	1307	
1039	1078	1612	1284	
1040	1078	1623	1262	
1041	1048	1603	1217	
1042	1117	1603	1228	
1043	1078	1612	1262	
1044	1147	1603	1273	
1045	1127	1593	1340	
1046	1147	1623	1307	
1047	1166	1582	1329	
1048	1186	1623	1362	
1049	1117	1582	1318	
1050	1107	1633	1307	
1051	1087	1603	1296	
1052	1048	1582	1262	
1053	1078	1633	1239	
1054	1067	1603	1239	
1055	1117	1612	1206	
1056	1097	1603	1307	
1057	1147	1612	1296	
1058	1147	1603	1340	
1059	1156	1633	1351	
1060	1156	1572	1351	
1061	1117	1633	1318	
1062	1087	1612	1307	
1063	1078	1582	1262	
1064	1078	1623	1239	
1065	1058	1582	1195	
1066	1097	1612	1251	
1067	1078	1593	1262	
1068	1147	1612	1262	
1069	1147	1612	1318	
1070	1186	1623	1351	
1071	1117	1582	1340	
1072	1127	1633	1340	
1073	1048	1603	1296	
1074	1087	1612	1251	
1075	1078	1612	1251	
1076	1067	1603	1239	
1077	1078	1612	1239	
1078	1117	1623	1296	
1079	1147	1582	1273	
1080	1147	1612	1374	
1081	1156	1603	1318	
1082	1117	1582	1362	
1083	1127	1623	1307	
1084	1048	1582	1251	
1085	1078	1612	1262	
1086	1038	1603	1251	
1087	1097	1603	1217	
1088	1097	1603	1284	
1089	1176	1612	1340	
1090	1156	1582	1307	
1091	1166	1612	1396	
1092	1137	1593	1307	
1093	1078	1582	1307	
1094	1078	1623	1262	
1095	1038	1603	1217	
1096	1087	1603	1262	
1097	1067	1612	1251	
1098	1147	1612	1262	
1099	1137	1582	1362	
1100	1186	1623	1340	
1101	1117	1572	1351	
1102	1147	1633	1340	
1103	1087	1603	1262	
1104	1067	1612	1273	
1105	1038	1633	1251	
1106	1087	1593	1239	
1107	1107	1612	1239	
1108	1127	1612	1329	
1109	1127	1603	1329	
1110	1156	1603	1362	
1111	1147	1612	1362	
1112	1107	1582	1329	
1113	1078	1633	1296	
1114	1048	1582	1228	
1115	1058	1612	1262	
1116	1048	1593	1251	
1117	1107	1612	1251	
1118	1127	1582	1307	
1119	1147	1633	1351	
1120	1127	1582	1318	
1121	1147	1623	1385	
1122	1097	1603	1307	
1123	1078	1612	1239	
1124	1067	1612	1262	
1125	1097	1603	1195	
1126	1078	1603	1273	
1127	1127	1623	1307	
1128	1176	1582	1340	
1129	1117	1603	1396	
1130	1147	1623	1340	
1131	1067	1593	1273	
1132	1097	1612	1284	
1133	1028	1582	1251	
1134	1078	1612	1228	
1135	1097	1603	1262	
1136	1137	1612	1262	
1137	1127	1603	1340	
1138	1176	1633	1374	
1139	1127	1572	1351	
1140	1107	1623	1307	
1141	1038	1593	1262	
1142	1078	1623	1251	
1143	1038	1612	1262	
1144	1097	1603	1228	
1145	1097	1593	1307	
1146	1147	1623	1329	
1147	1147	1572	1340	
1148	1127	1623	1396	
1149	1117	1603	1340	
1150	1078	1603	1262	
1151	1048	1623	1284	
1152	1067	1582	1239	
1153	1067	1612	1239	
1154	1107	1603	1251	
1155	1147	1603	1262	
1156	1127	1593	1340	
1157	1137	1633	1340	
1158	1107	1582	1318	
1159	1127	1633	1296	
1160	1038	1603	1239	
1161	1058	1633	1228	
1162	1058	1612	1228	
1163	1087	1593	1228	
1164	1117	1603	1318	
1165	1156	1623	1351	
1166	1117	1572	1362	
1167	1117	1623	1385	
1168	1097	1593	1307	
1169	1078	1603	1273	
1170	1028	1612	1273	
1171	1048	1593	1228	
1172	1078	1612	1273	
1173	1107	1623	1284	
1174	1107	1603	1329	
1175	1127	1612	1374	
1176	1147	1603	1351	
1177	1107	1582	1318	
1178	1107	1623	1296	
1179	1067	1582	1217	
1180	1038	1623	1262	
1181	1058	1603	1228	
1182	1097	1612	1228	
1183	1117	1612	1307	
1184	1156	1612	1307	
1185	1147	1582	1362	
1186	1147	1633	1362	
1187	1067	1582	1284	
1188	1078	1633	1262	
1189	1028	1603	1262	
1190	1078	1603	1239	
1191	1048	1593	1273	
1192	1107	1612	1262	
1193	1107	1593	1307	
1194	1127	1623	1362	
1195	1127	1572	1351	
1196	1137	1623	1351	
1197	1048	1593	1307	
1198	1048	1612	1262	
1199	1038	1612	1262	
1200	1038	1612	1228	
1201	1078	1612	1251	
1202	1097	1612	1262	
1203	1117	1603	1307	
1204	1147	1612	1362	
1205	1127	1603	1351	
1206	1078	1612	1307	
1207	1058	1623	1307	
1208	1058	1582	1251	
1209	1078	1623	1217	
1210	1048	1612	1262	
1211	1117	1593	1284	
1212	1137	1612	1340	
1213	1127	1612	1362	
1214	1117	1582	1374	
1215	1107	1623	1351	
1216	1058	1572	1262	
1217	1048	1623	1307	
1218	1018	1603	1239	
1219	1067	1612	1228	
1220	1087	1603	1262	
1221	1117	1612	1284	
1222	1117	1603	1351	
1223	1147	1612	1362	
1224	1097	1582	1362	
1225	1097	1633	1362	
1226	1058	1582	1284	
1227	1038	1633	1262	
1228	1028	1603	1251	
1229	1087	1603	1206	
1230	1078	1612	1273	
1231	1127	1612	1318	
1232	1127	1582	1318	
1233	1117	1633	1385	
1234	1107	1572	1307	
1235	1067	1612	1307	
1236	1038	1603	1284	
1237	1048	1612	1206	
1238	1038	1612	1228	
1239	1078	1612	1239	
1240	1107	1603	1273	
1241	1147	1612	1318	
1242	1147	1582	1307	
1243	1147	1623	1385	
1244	1107	1612	1307	
1245	1067	1612	1284	
1246	1038	1612	1296	
1247	1028	1582	1239	
1248	1038	1612	1228	
1249	1107	1612	1262	
1250	1127	1593	1318	
1251	1147	1612	1385	
1252	1117	1603	1340	
1253	1067	1582	1340	
1254	1078	1623	1296	
1255	1018	1593	1262	
1256	1038	1612	1251	
1257	1038	1593	1217	
1258	1078	1603	1262	
1259	1097	1612	1307	
1260	1137	1612	1307	
1261	1137	1603	1340	
1262	1127	1612	1362	
1263	1078	1582	1296	
1264	1048	1633	1307	
1265	1018	1582	1251	
1266	1078	1612	1239	
1267	1038	1612	1284	
1268	1107	1603	1307	
1269	1117	1582	1340	
1270	1127	1633	1374	
1271	1067	1593	1296	
1272	1048	1643	1307	
1273	1028	1582	1228	
1274	1078	1612	1228	
1275	1058	1593	1273	
1276	1117	1612	1262	
1277	1117	1603	1307	
1278	1127	1633	1374	
1279	1097	1562	1351	
1280	1097	1623	1329	
1281	1038	1593	1228	
1282	1067	1612	1262	
1283	1038	1612	1228	
1284	1078	1612	1228	
1285	1097	1603	1329	
1286	1147	1623	1351	
1287	1107	1582	1362	
1288	1107	1633	1351	
1289	1078	1582	1307	
1290	1048	1623	1284	
1291	1038	1593	1251	
1292	1048	1603	1251	
1293	1028	1612	1251	
1294	1107	1612	1273	
1295	1117	1582	1351	
1296	1127	1653	1351	
1297	1107	1572	1318	
1298	1097	1623	1340	
1299	1038	1582	1262	
1300	1048	1612	1239	
1301	1028	1623	1228	
1302	1078	1612	1273	
1303	1117	1582	1296	
1304	1156	1623	1362	
1305	1107	1572	1351	
1306	1078	1633	1307	
1307	1018	1603	1284	
1308	1058	1603	1217	
1309	1038	1612	1239	
1310	1107	1612	1251	
1311	1117	1582	1340	
1312	1127	1643	1351	
1313	1117	1582	1307	
1314	1078	1612	1318	
1315	1038	1612	1273	
1316	1038	1603	1228	
1317	1058	1612	1239	
1318	1087	1612	1284	
1319	1107	1603	1307	
1320	1127	1623	1362	
1321	1107	1582	1351	
1322	1058	1612	1273	
1323	1018	1633	1262	
1324	1048	1603	1206	
1325	1038	1612	1239	
1326	1067	1623	1262	
1327	1107	1603	1296	
1328	1117	1623	1362	
1329	1107	1582	1318	
1330	1078	1612	1318	
1331	1038	1612	1307	
1332	1038	1603	1228	
1333	1018	1623	1228	
1334	1048	1612	1239	
1335	1107	1582	1307	
1336	1127	1633	1351	
1337	1137	1593	1351	
1338	1107	1612	1351	
1339	1058	1612	1273	
1340	1018	1593	1251	
1341	1018	1623	1239	
1342	1078	1612	1262	
1343	1127	1593	1307	
1344	1117	1623	1374	
1345	1078	1603	1351	
1346	1067	1603	1284	
1347	1018	1623	1251	
1348	1048	1582	1217	
1349	1058	1623	1251	
1350	1117	1612	1340	
1351	1107	1582	1362	
1352	1078	1612	1318	
1353	1048	1612	1307	
1354	1038	1603	1228	
1355	1028	1603	1273	
1356	1067	1623	1251	
1357	1107	1593	1296	
1358	1137	1612	1374	
1359	1097	1582	1351	
1360	1107	1612	1318	
1361	1058	1612	1307	
1362	1048	1582	1228	
1363	998	1623	1273	
1364	1048	1612	1206	
1365	1078	1603	1307	
1366	1107	1623	1351	
1367	1097	1612	1318	
1368	1048	1612	1340	
1369	1028	1612	1262	
1370	1018	1593	1251	
1371	1028	1612	1228	
1372	1078	1612	1273	
1373	1117	1582	1307	
1374	1127	1623	1374	
1375	1097	1582	1307	
1376	1038	1612	1284	
1377	1028	1612	1239	
1378	1028	1603	1228	
1379	1067	1612	1273	
1380	1127	1623	1318	
1381	1107	1593	1329	
1382	1117	1612	1385	
1383	1048	1612	1273	
1384	1028	1603	1228	
1385	1008	1612	1228	
1386	1058	1612	1239	
1387	1097	1582	1307	
1388	1127	1643	1351	
1389	1078	1593	1318	
1390	1028	1623	1273	
1391	1028	1603	1262	
1392	1038	1623	1217	
1393	1058	1603	1307	
1394	1137	1643	1340	
1395	1067	1582	1340	
1396	1038	1612	1318	
1397	1018	1612	1251	
1398	1078	1612	1206	
1399	1087	1603	1296	
1400	1127	1623	1351	
1401	1097	1582	1351	
1402	1097	1633	1329	
1403	998	1603	1228	
1404	1028	1612	1262	
1405	1028	1612	1284	
1406	1097	1623	1307	
1407	1097	1582	1351	
1408	1078	1653	1340	
1409	1018	1582	1262	
1410	1018	1623	1262	
1411	1018	1623	1228	
1412	1087	1612	1273	
1413	1078	1603	1362	
1414	1117	1643	1351	
1415	1028	1582	1307	
1416	1028	1633	1262	
1417	1028	1603	1228	
1418	1048	1612	1262	
1419	1078	1603	1362	
1420	1137	1623	1329	
1421	1048	1582	1362	
1422	1048	1633	1284	
1423	998	1603	1239	
1424	1038	1612	1251	
1425	1107	1612	1307	
1426	1117	1623	1307	
1427	1078	1582	1351	
1428	1067	1633	1307	
1429	998	1582	1262	
1430	1038	1623	1251	
1431	1048	1603	1284	
1432	1107	1603	1284	
1433	1097	1612	1374	
1434	1067	1623	1340	
1435	1048	1582	1296	
1436	1028	1633	1239	
1437	1028	1603	1228	
1438	1067	1612	1307	
1439	1107	1633	1340	
1440	1078	1593	1318	
1441	1038	1603	1318	
1442	998	1623	1262	
1443	1058	1603	1206	
1444	1087	1603	1284	
1445	1107	1623	1374	
1446	1078	1593	1329	
1447	1038	1623	1340	
1448	1028	1623	1239	
1449	1028	1593	1217	
1450	1038	1593	1307	
1451	1097	1633	1307	
1452	1107	1572	1340	
1453	1058	1643	1362	
1454	1038	1593	1251	
1455	1048	1612	1251	
1456	1048	1603	1251	
1457	1107	1623	1307	
1458	1107	1582	1362	
1459	1117	1633	1351	
1460	1028	1593	1251	
1461	1018	1612	1262	
1462	1018	1603	1273	
1463	1097	1612	1273	
1464	1087	1603	1340	
1465	1087	1633	1351	
1466	1038	1582	1251	
1467	1048	1623	1239	
1468	1038	1612	1228	
1469	1097	1603	1262	
1470	1097	1623	1340	
1471	1097	1612	1351	
1472	1048	1593	1318	
1473	1028	1623	1262	
1474	1028	1603	1206	
1475	1058	1593	1284	
1476	1107	1623	1329	
1477	1087	1593	1362	
1478	1087	1612	1318	
1479	1028	1623	1273	
1480	998	1593	1251	
1481	1038	1603	1273	
1482	1067	1633	1307	
1483	1097	1582	1329	
1484	1117	1623	1374	
1485	1038	1593	1318	
1486	1008	1612	1217	
1487	1018	1612	1262	
1488	1067	1603	1307	
1489	1107	1593	1318	
1490	1117	1643	1351	
1491	1028	1582	1318	
1492	1038	1623	1251	
1493	1008	1612	1251	
1494	1067	1603	1262	
1495	1097	1603	1318	
1496	1107	1653	1351	
1497	1067	1593	1284	
1498	1048	1633	1273	
1499	979	1612	1251	
1500	1067	1612	1251	
1501	1067	1603	1329	
1502	1127	1623	1340	
1503	1028	1582	1318	
1504	1038	1643	1284	
1505	998	1603	1251	
1506	1067	1612	1228	
1507	1067	1623	1340	
1508	1117	1612	1340	
1509	1067	1582	1362	
1510	1038	1633	1273	
1511	1018	1582	1251	
1512	1048	1603	1262	
1513	1087	1612	1307	
1514	1117	1603	1318	
1515	1058	1612	1340	
1516	1038	1633	1307	
1517	1018	1593	1251	
1518	1038	1612	1262	
1519	1107	1633	1307	
1520	1087	1582	1318	
1521	1048	1612	1362	
1522	1028	1612	1273	
1523	998	1612	1217	
1524	1067	1603	1307	
1525	1117	1623	1362	
1526	1058	1582	1362	
1527	1038	1633	1340	
1528	1018	1603	1239	
1529	1018	1612	1217	
1530	1078	1593	1329	
1531	1107	1633	1351	
1532	1058	1582	1307	
1533	1038	1623	1340	
1534	1008	1582	1251	
1535	1038	1612	1228	
1536	1028	1603	1284	
1537	1117	1623	1329	
1538	1097	1582	1362	
1539	1038	1643	1318	
1540	1018	1582	1262	
1541	1008	1623	1251	
1542	1028	1612	1273	
1543	1117	1603	1296	
1544	1078	1612	1351	
1545	1048	1633	1340	
1546	1008	1582	1262	
1547	1028	1623	1228	
1548	1038	1623	1251	
1549	1097	1582	1329	
1550	1107	1612	1374	
1551	1038	1612	1273	
1552	1008	1623	1217	
1553	1008	1612	1228	
1554	1097	1612	1284	
1555	1087	1572	1362	
1556	1078	1653	1374	
1557	1018	1593	1284	
1558	1038	1612	1217	
1559	1038	1612	1262	
1560	1087	1612	1340	
1561	1097	1582	1329	
1562	1038	1633	1340	
1563	998	1582	1217	
1564	1018	1623	1228	
1565	1058	1623	1307	
1566	1097	1603	1351	
1567	1078	1623	1329	
1568	1018	1623	1284	
1569	989	1603	1228	
1570	1048	1603	1262	
1571	1117	1623	1318	
1572	1078	1593	1362	
1573	1028	1623	1307	
1574	1008	1612	1239	
1575	1048	1603	1251	
1576	1067	1612	1351	
1577	1117	1633	1362	
1578	1028	1582	1273	
1579	1038	1623	1251	
1580	1018	1612	1228	
1581	1087	1612	1307	
1582	1078	1603	1351	
1583	1048	1653	1318	
1584	1018	1593	1228	
1585	1018	1612	1251	
1586	1038	1612	1318	
1587	1097	1612	1307	
1588	1078	1612	1340	
1589	1008	1612	1307	
1590	1008	1612	1239	
1591	1038	1612	1273	
1592	1078	1623	1362	
1593	1097	1582	1351	
1594	1067	1633	1340	
1595	1008	1593	1262	
1596	1018	1612	1217	
1597	1067	1612	1307	
1598	1107	1633	1362	
1599	1028	1572	1340	
1600	998	1643	1273	
1601	989	1612	1251	
1602	1097	1612	1262	
1603	1078	1623	1362	
1604	1078	1643	1318	
1605	1018	1593	1239	
1606	989	1633	1251	
1607	1048	1623	1262	
1608	1067	1593	1318	
1609	1097	1633	1351	
