Vernier Format 2
cstr_600_200_series.txt 8/4/118 14:1:59
Run 1
Time	Conductivity	Conductivity	
T	C	C	
s	µS/cm	µS/cm	

0	781	782	
1	771	801	
2	762	821	
3	762	791	
4	801	791	
5	771	771	
6	762	801	
7	732	791	
8	781	812	
9	732	791	
10	801	801	
11	732	782	
12	781	821	
13	781	782	
14	742	821	
15	742	801	
16	762	821	
17	751	791	
18	762	801	
19	762	791	
20	762	791	
21	742	821	
22	762	771	
23	762	831	
24	742	782	
25	801	821	
26	762	782	
27	801	782	
28	762	821	
29	771	791	
30	859	801	
31	898	771	
32	957	791	
33	977	741	
34	1026	791	
35	1036	761	
36	1055	782	
37	1104	771	
38	1124	752	
39	1183	771	
40	1183	731	
41	1183	752	
42	1192	771	
43	1192	741	
44	1212	761	
45	1212	761	
46	1232	741	
47	1241	771	
48	1251	752	
49	1232	761	
50	1251	771	
51	1212	752	
52	1241	761	
53	1261	771	
54	1232	731	
55	1261	771	
56	1232	761	
57	1241	752	
58	1261	771	
59	1251	752	
60	1261	771	
61	1280	771	
62	1251	761	
63	1280	761	
64	1280	771	
65	1241	741	
66	1241	782	
67	1251	761	
68	1232	761	
69	1251	771	
70	1251	771	
71	1251	741	
72	1280	761	
73	1271	771	
74	1261	731	
75	1280	771	
76	1280	761	
77	1261	752	
78	1261	782	
79	1261	771	
80	1251	761	
81	1280	782	
82	1251	771	
83	1261	761	
84	1261	771	
85	1280	782	
86	1241	752	
87	1261	771	
88	1241	782	
89	1241	741	
90	1241	791	
91	1280	771	
92	1261	741	
93	1232	791	
94	1280	782	
95	1241	761	
96	1251	771	
97	1251	821	
98	1251	771	
99	1251	771	
100	1280	801	
101	1251	771	
102	1241	771	
103	1251	821	
104	1280	782	
105	1232	771	
106	1251	801	
107	1280	801	
108	1241	791	
109	1232	782	
110	1271	791	
111	1261	791	
112	1241	782	
113	1251	801	
114	1271	791	
115	1222	791	
116	1241	801	
117	1232	841	
118	1251	771	
119	1241	791	
120	1261	841	
121	1232	841	
122	1251	771	
123	1241	791	
124	1271	821	
125	1232	801	
126	1251	782	
127	1241	821	
128	1261	821	
129	1232	791	
130	1232	801	
131	1241	841	
132	1251	821	
133	1212	791	
134	1251	812	
135	1241	851	
136	1222	801	
137	1241	791	
138	1241	841	
139	1251	841	
140	1212	821	
141	1232	821	
142	1222	851	
143	1232	851	
144	1202	821	
145	1222	831	
146	1222	851	
147	1222	851	
148	1212	821	
149	1202	821	
150	1241	851	
151	1241	841	
152	1222	791	
153	1232	821	
154	1251	851	
155	1232	841	
156	1212	821	
157	1232	821	
158	1232	851	
159	1232	851	
160	1212	821	
161	1202	841	
162	1251	851	
163	1212	841	
164	1173	841	
165	1192	841	
166	1212	871	
167	1212	841	
168	1212	831	
169	1212	821	
170	1232	851	
171	1202	871	
172	1192	841	
173	1192	841	
174	1192	851	
175	1212	871	
176	1202	841	
177	1183	821	
178	1183	861	
179	1212	871	
180	1202	851	
181	1183	841	
182	1173	851	
183	1202	851	
184	1212	871	
185	1173	841	
186	1183	841	
187	1202	851	
188	1202	881	
189	1212	851	
190	1163	841	
191	1202	851	
192	1183	881	
193	1183	881	
194	1202	841	
195	1163	851	
196	1163	871	
197	1212	881	
198	1173	871	
199	1173	841	
200	1163	841	
201	1202	861	
202	1212	881	
203	1183	871	
204	1183	851	
205	1163	851	
206	1192	871	
207	1212	871	
208	1192	861	
209	1153	861	
210	1163	851	
211	1192	871	
212	1183	881	
213	1163	871	
214	1163	851	
215	1183	851	
216	1183	891	
217	1192	881	
218	1163	861	
219	1133	871	
220	1163	871	
221	1202	881	
222	1183	881	
223	1163	871	
224	1153	871	
225	1133	871	
226	1183	881	
227	1163	881	
228	1173	881	
229	1133	871	
230	1163	871	
231	1183	891	
232	1163	891	
233	1163	881	
234	1153	881	
235	1144	851	
236	1163	891	
237	1163	891	
238	1153	881	
239	1163	881	
240	1133	871	
241	1163	891	
242	1183	901	
243	1183	891	
244	1153	871	
245	1133	871	
246	1163	871	
247	1153	901	
248	1144	901	
249	1144	901	
250	1163	881	
251	1153	871	
252	1163	881	
253	1133	911	
254	1153	911	
255	1163	881	
256	1153	871	
257	1133	881	
258	1153	891	
259	1163	891	
260	1153	901	
261	1153	881	
262	1133	871	
263	1124	881	
264	1153	891	
265	1173	911	
266	1124	921	
267	1133	881	
268	1104	891	
269	1144	881	
270	1133	891	
271	1163	911	
272	1124	901	
273	1144	881	
274	1094	891	
275	1133	871	
276	1153	891	
277	1144	911	
278	1133	911	
279	1124	891	
280	1133	881	
281	1124	891	
282	1104	901	
283	1114	921	
284	1153	911	
285	1153	891	
286	1124	881	
287	1104	881	
288	1114	891	
289	1124	911	
290	1144	931	
291	1114	911	
292	1133	891	
293	1085	901	
294	1104	891	
295	1124	891	
296	1114	931	
297	1133	931	
298	1104	921	
299	1094	891	
300	1104	881	
301	1124	891	
302	1133	901	
303	1133	931	
304	1133	931	
305	1114	911	
306	1114	901	
307	1124	881	
308	1085	891	
309	1114	911	
310	1124	911	
311	1133	921	
312	1124	911	
313	1124	891	
314	1114	881	
315	1104	901	
316	1133	901	
317	1104	931	
318	1104	931	
319	1094	921	
320	1094	891	
321	1085	911	
322	1114	901	
323	1114	921	
324	1124	931	
325	1094	941	
326	1124	911	
327	1085	901	
328	1075	911	
329	1075	891	
330	1075	921	
331	1094	921	
332	1104	931	
333	1124	931	
334	1104	921	
335	1075	921	
336	1094	901	
337	1094	901	
338	1085	931	
339	1094	931	
340	1094	931	
341	1104	931	
342	1124	921	
343	1085	921	
344	1085	901	
345	1075	901	
346	1085	931	
347	1085	921	
348	1085	951	
349	1094	931	
350	1085	941	
351	1075	931	
352	1085	901	
353	1085	891	
354	1085	901	
355	1094	911	
356	1085	931	
357	1075	951	
358	1085	931	
359	1075	931	
360	1085	931	
361	1055	931	
362	1055	901	
363	1085	921	
364	1075	911	
365	1065	931	
366	1085	931	
367	1094	951	
368	1085	951	
369	1094	951	
370	1075	931	
371	1085	921	
372	1075	921	
373	1065	921	
374	1075	921	
375	1055	931	
376	1075	931	
377	1075	931	
378	1065	961	
379	1085	951	
380	1075	931	
381	1075	951	
382	1065	931	
383	1075	931	
384	1055	921	
385	1075	901	
386	1055	931	
387	1055	921	
388	1065	931	
389	1055	931	
390	1055	961	
391	1085	931	
392	1075	951	
393	1075	941	
394	1085	951	
395	1085	931	
396	1055	931	
397	1075	921	
398	1055	921	
399	1045	921	
400	1045	921	
401	1075	921	
402	1036	931	
403	1055	931	
404	1065	951	
405	1085	941	
406	1055	961	
407	1065	961	
408	1065	951	
409	1055	951	
410	1055	941	
411	1075	931	
412	1075	931	
413	1055	921	
414	1055	931	
415	1045	931	
416	1036	931	
417	1026	931	
418	1036	941	
419	1045	951	
420	1045	941	
421	1045	951	
422	1045	961	
423	1065	951	
424	1045	961	
425	1085	951	
426	1065	961	
427	1065	951	
428	1055	951	
429	1045	951	
430	1045	941	
431	1026	931	
432	1055	931	
433	1026	931	
434	1026	931	
435	1036	931	
436	1016	931	
437	1016	931	
438	1055	931	
439	1055	921	
440	1016	941	
441	1045	931	
442	1026	931	
443	1016	941	
444	1026	941	
445	1026	941	
446	1016	961	
447	1036	951	
448	1045	941	
449	1055	961	
450	1065	961	
451	1065	961	
452	1036	961	
453	1075	961	
454	1075	961	
455	1055	961	
456	1055	951	
457	1045	961	
458	1055	961	
459	1055	961	
460	1055	961	
461	1055	961	
462	1055	951	
463	1045	961	
464	1045	971	
465	1036	961	
466	1065	961	
467	1055	961	
468	1045	971	
469	1036	961	
470	1045	961	
471	1036	971	
472	1026	971	
473	1036	971	
474	1045	971	
475	1045	961	
476	1036	971	
477	1036	961	
478	1026	961	
479	1016	971	
480	1055	951	
481	1045	971	
482	1055	951	
483	1055	961	
484	1045	971	
485	1045	971	
486	1055	961	
487	1045	971	
488	1026	961	
489	1016	981	
490	1026	961	
491	1026	961	
492	1026	961	
493	1026	961	
494	1016	961	
495	1026	961	
496	1055	961	
497	1036	961	
498	1045	951	
499	1036	951	
500	1006	961	
501	1026	941	
502	1006	961	
503	1006	951	
504	1016	951	
505	997	931	
506	1006	941	
507	1006	931	
508	997	931	
509	977	951	
510	1006	931	
511	1016	931	
512	1006	951	
513	977	951	
514	997	941	
515	997	961	
516	1026	931	
517	1026	941	
518	1016	961	
519	1036	961	
520	1036	961	
521	1026	961	
522	1036	961	
523	1026	981	
524	1036	971	
525	1016	971	
526	1026	971	
527	1006	971	
528	1016	971	
529	1016	971	
530	1026	961	
531	1006	971	
532	1006	951	
533	997	961	
534	977	951	
535	1006	931	
536	1006	941	
537	997	941	
538	1006	931	
539	997	961	
540	1006	951	
541	1006	951	
542	997	971	
543	1006	961	
544	1016	971	
545	1016	961	
546	1016	971	
547	1016	971	
548	997	961	
549	1006	971	
550	997	961	
551	1006	961	
552	1006	941	
553	986	951	
554	986	941	
555	986	961	
556	967	951	
557	997	951	
558	1016	951	
559	977	971	
560	997	961	
561	986	981	
562	1006	981	
563	997	981	
564	977	981	
565	1006	951	
566	1006	961	
567	997	941	
568	986	951	
569	967	951	
570	977	951	
571	997	951	
572	1006	951	
573	1006	971	
574	1006	971	
575	977	991	
576	1016	961	
577	977	981	
578	1006	961	
579	977	951	
580	967	961	
581	977	931	
582	967	951	
583	967	961	
584	1006	961	
585	1006	971	
586	1016	971	
587	1016	981	
588	1006	971	
589	1006	961	
590	997	951	
591	967	951	
592	957	961	
593	957	961	
594	947	961	
595	967	951	
596	977	981	
597	1016	971	
598	1016	961	
599	967	981	
600	977	961	
601	967	961	
602	986	941	
603	967	961	
604	957	961	
605	997	951	
606	967	981	
607	1006	971	
608	997	981	
609	1006	961	
610	997	951	
611	967	951	
612	938	961	
613	977	951	
614	986	961	
615	997	971	
616	967	971	
617	967	981	
618	967	951	
619	957	961	
620	947	951	
621	947	951	
622	986	961	
623	977	981	
624	997	971	
625	967	971	
626	977	961	
627	967	951	
628	977	941	
629	967	961	
630	997	961	
631	986	981	
632	997	971	
633	997	961	
634	967	961	
635	928	961	
636	938	951	
637	947	961	
638	977	971	
639	977	981	
640	977	971	
641	967	971	
642	947	961	
643	967	951	
644	947	951	
645	938	961	
646	967	961	
647	967	971	
648	967	981	
649	967	981	
650	938	961	
651	928	961	
652	947	961	
653	977	961	
654	957	971	
655	967	971	
656	957	981	
657	938	971	
658	967	941	
659	967	961	
660	947	971	
661	977	971	
662	977	981	
663	957	981	
664	967	951	
665	947	961	
666	947	951	
667	967	961	
668	967	1001	
669	986	961	
670	938	981	
671	947	961	
672	938	961	
673	928	951	
674	967	961	
675	967	981	
676	947	981	
677	977	961	
678	938	961	
679	928	961	
680	957	961	
681	947	971	
682	977	981	
683	977	961	
684	967	951	
685	928	951	
686	938	961	
687	947	951	
688	967	961	
689	967	981	
690	947	971	
691	928	961	
692	938	961	
693	938	951	
694	928	961	
695	938	981	
696	977	971	
697	967	961	
698	938	961	
699	938	951	
700	928	971	
701	947	961	
702	938	971	
703	947	971	
704	947	961	
705	918	961	
706	938	951	
707	928	971	
708	967	961	
709	947	981	
710	967	961	
711	928	961	
712	947	941	
713	918	961	
714	967	971	
715	938	981	
716	967	981	
717	947	961	
718	918	961	
719	938	931	
720	938	961	
721	947	971	
722	928	1001	
723	967	961	
724	928	961	
725	928	951	
726	928	951	
727	928	981	
728	957	961	
729	957	981	
730	957	961	
731	918	961	
732	928	961	
733	947	961	
734	938	981	
735	947	981	
736	967	961	
737	938	961	
738	928	941	
739	928	951	
740	947	961	
741	947	981	
742	938	971	
743	928	971	
744	898	961	
745	918	941	
746	928	961	
747	947	961	
748	938	971	
749	928	981	
750	928	951	
751	928	951	
752	918	951	
753	957	971	
754	928	971	
755	938	971	
756	938	961	
757	938	941	
758	928	961	
759	947	961	
760	957	971	
761	947	981	
762	938	951	
763	928	961	
764	938	951	
765	918	971	
766	938	991	
767	918	981	
768	928	971	
769	928	931	
770	909	961	
771	928	971	
772	938	971	
773	928	961	
774	909	961	
775	898	961	
776	918	951	
777	928	961	
778	947	971	
779	928	981	
780	947	971	
781	928	951	
782	898	961	
783	898	961	
784	918	971	
785	947	971	
786	938	971	
787	909	961	
788	898	951	
789	909	951	
790	909	981	
791	928	981	
792	928	981	
793	909	971	
794	909	951	
795	918	951	
796	898	981	
797	947	971	
798	947	971	
799	918	971	
800	928	951	
801	909	961	
802	918	971	
803	918	971	
804	928	981	
805	918	961	
806	918	961	
807	898	951	
808	898	961	
809	928	971	
810	938	981	
811	928	961	
812	918	941	
813	889	951	
814	898	961	
815	928	971	
816	918	991	
817	918	971	
818	898	961	
819	889	961	
820	898	941	
821	898	971	
822	918	961	
823	928	961	
824	898	961	
825	889	961	
826	918	951	
827	928	961	
828	928	961	
829	918	981	
830	909	961	
831	898	961	
832	898	961	
833	918	961	
834	918	961	
835	928	981	
836	918	961	
837	898	961	
838	898	951	
839	928	941	
840	928	971	
841	918	981	
842	928	961	
843	909	961	
844	898	951	
845	898	951	
846	898	971	
847	918	981	
848	928	971	
849	928	961	
850	898	951	
851	918	941	
852	918	951	
853	928	981	
854	928	971	
855	898	961	
856	918	941	
857	898	951	
858	918	941	
859	898	971	
860	918	971	
861	928	961	
862	879	961	
863	898	931	
864	909	941	
865	898	981	
866	928	961	
867	898	981	
868	898	961	
869	879	951	
870	898	941	
871	918	961	
872	928	961	
873	928	971	
874	918	961	
875	869	951	
876	869	941	
877	889	961	
878	918	961	
879	898	981	
880	898	961	
881	898	951	
882	898	951	
883	898	951	
884	909	951	
885	918	981	
886	918	961	
887	898	961	
888	898	941	
889	898	941	
890	879	961	
891	898	971	
892	898	981	
893	928	961	
894	898	961	
895	898	941	
896	898	961	
897	918	961	
898	928	971	
899	898	981	
900	898	961	
901	859	951	
902	898	931	
903	898	961	
904	909	971	
905	909	961	
906	909	971	
907	909	951	
908	898	951	
909	898	931	
910	879	961	
911	898	961	
912	918	961	
913	909	971	
914	898	951	
915	889	951	
916	898	931	
917	879	961	
918	898	961	
919	889	971	
920	928	961	
921	879	961	
922	869	931	
923	898	931	
924	889	951	
925	869	961	
926	889	981	
927	918	961	
928	898	961	
929	879	951	
930	859	951	
931	898	941	
932	889	961	
933	898	971	
934	918	971	
935	898	961	
936	859	951	
937	869	951	
938	889	961	
939	898	971	
940	898	971	
941	889	951	
942	898	951	
943	879	941	
944	889	931	
945	898	961	
946	909	961	
947	918	961	
948	879	961	
949	869	951	
950	859	941	
951	859	951	
952	918	951	
953	918	961	
954	909	961	
955	898	941	
956	869	931	
957	869	931	
958	869	951	
959	889	951	
960	909	961	
961	869	961	
962	850	961	
963	850	951	
964	859	951	
965	869	961	
966	909	961	
967	909	961	
968	869	951	
969	898	931	
970	859	931	
971	859	941	
972	898	961	
973	898	971	
974	889	971	
975	898	941	
976	850	951	
977	869	931	
978	898	941	
979	889	961	
980	898	961	
981	898	951	
982	879	961	
983	859	951	
984	859	951	
985	879	951	
986	898	961	
987	898	971	
988	898	961	
989	869	951	
990	889	931	
991	889	931	
992	898	941	
993	898	961	
994	898	971	
995	898	961	
996	879	951	
997	869	941	
998	869	951	
999	879	951	
1000	889	961	
1001	898	961	
1002	909	961	
1003	889	971	
1004	859	951	
1005	859	931	
1006	869	931	
1007	889	941	
1008	898	951	
1009	898	961	
1010	898	961	
1011	889	961	
1012	889	951	
1013	859	941	
1014	869	941	
1015	859	931	
1016	898	951	
1017	898	961	
1018	898	951	
1019	889	951	
1020	869	941	
1021	879	931	
1022	859	931	
1023	869	961	
1024	869	961	
1025	898	961	
1026	859	951	
1027	879	951	
1028	840	941	
1029	859	941	
1030	850	931	
1031	889	941	
1032	889	951	
1033	898	961	
1034	889	961	
1035	889	941	
1036	879	931	
1037	859	931	
1038	859	931	
1039	869	941	
1040	850	961	
1041	898	951	
1042	879	951	
1043	879	951	
1044	889	951	
1045	850	951	
1046	859	941	
1047	850	931	
1048	879	931	
1049	889	931	
1050	898	961	
1051	898	951	
1052	869	961	
1053	859	961	
1054	850	951	
1055	850	931	
1056	859	931	
1057	840	951	
1058	850	951	
1059	869	961	
1060	889	951	
1061	889	961	
1062	850	951	
1063	879	921	
1064	869	921	
1065	850	931	
1066	879	931	
1067	859	961	
1068	879	961	
1069	859	971	
1070	850	951	
1071	859	931	
1072	850	921	
1073	859	931	
1074	840	931	
1075	840	951	
1076	869	961	
1077	889	951	
1078	869	961	
1079	889	951	
1080	850	941	
1081	869	931	
1082	850	921	
1083	859	921	
1084	850	951	
1085	850	951	
1086	898	941	
1087	869	951	
1088	879	961	
1089	850	961	
1090	850	951	
1091	859	931	
1092	830	931	
1093	840	931	
1094	859	931	
1095	850	951	
1096	859	951	
1097	869	961	
1098	879	961	
1099	898	941	
1100	850	951	
1101	869	931	
1102	840	931	
1103	869	921	
1104	850	921	
1105	850	931	
1106	859	931	
1107	859	951	
1108	869	961	
1109	889	961	
1110	859	951	
1111	879	931	
1112	859	941	
1113	840	941	
1114	859	921	
1115	820	931	
1116	850	921	
1117	869	931	
1118	850	951	
1119	869	961	
1120	859	951	
1121	879	961	
1122	859	961	
1123	879	931	
1124	850	941	
1125	840	931	
1126	850	931	
1127	850	931	
1128	840	921	
1129	830	931	
1130	859	931	
1131	869	951	
1132	889	931	
1133	869	951	
1134	889	931	
1135	869	951	
1136	859	931	
1137	850	931	
1138	840	921	
1139	840	921	
1140	820	931	
1141	820	931	
1142	850	921	
1143	859	941	
1144	859	951	
1145	869	941	
1146	879	961	
1147	859	951	
1148	850	951	
1149	850	931	
1150	840	931	
1151	850	931	
1152	840	931	
1153	869	921	
1154	850	911	
1155	850	931	
1156	820	941	
1157	859	931	
1158	859	941	
1159	850	931	
1160	850	961	
1161	889	941	
1162	850	951	
1163	859	941	
1164	869	951	
1165	850	931	
1166	859	931	
1167	850	941	
1168	859	911	
1169	850	921	
1170	850	911	
1171	850	931	
1172	859	921	
1173	820	931	
1174	840	921	
1175	840	931	
1176	840	951	
1177	850	941	
1178	859	951	
1179	879	941	
1180	869	951	
1181	889	931	
1182	859	951	
1183	869	931	
1184	859	951	
1185	859	931	
1186	850	911	
1187	850	911	
1188	820	901	
1189	840	911	
1190	820	931	
1191	820	931	
1192	820	911	
1193	840	921	
1194	859	921	
1195	830	941	
1196	869	931	
1197	869	931	
1198	850	941	
1199	850	951	
1200	850	931	
1201	869	951	
1202	859	941	
1203	850	941	
1204	840	931	
1205	859	931	
1206	850	931	
1207	820	931	
1208	830	911	
1209	850	901	
1210	850	921	
1211	820	931	
1212	810	921	
1213	850	931	
1214	830	931	
1215	850	921	
1216	859	931	
1217	859	931	
1218	850	931	
1219	850	951	
1220	840	951	
1221	840	951	
1222	850	931	
1223	840	941	
1224	850	941	
1225	850	911	
1226	820	931	
1227	820	921	
1228	850	901	
1229	850	901	
1230	840	931	
1231	820	931	
1232	840	931	
1233	850	921	
1234	859	931	
1235	859	941	
1236	840	961	
1237	850	951	
1238	859	951	
1239	869	931	
1240	850	931	
1241	820	931	
1242	820	931	
1243	820	931	
1244	820	921	
1245	840	911	
1246	820	901	
1247	840	921	
1248	850	921	
1249	859	921	
1250	850	931	
1251	850	941	
1252	869	931	
1253	869	931	
1254	850	931	
1255	840	931	
1256	850	901	
1257	820	911	
1258	810	901	
1259	850	901	
1260	850	901	
1261	830	921	
1262	840	921	
1263	810	931	
1264	850	931	
1265	859	921	
1266	859	931	
1267	850	941	
1268	850	931	
1269	869	931	
1270	869	931	
1271	859	951	
1272	859	931	
1273	840	931	
1274	850	921	
1275	850	911	
1276	840	911	
1277	850	901	
1278	850	891	
1279	850	901	
1280	840	891	
1281	850	891	
1282	850	901	
1283	850	921	
1284	820	921	
1285	850	931	
1286	869	931	
1287	859	921	
1288	859	931	
1289	830	941	
1290	830	951	
1291	840	921	
1292	830	921	
1293	820	911	
1294	830	901	
1295	810	911	
1296	830	901	
1297	830	901	
1298	820	901	
1299	810	901	
1300	820	911	
1301	840	921	
1302	840	931	
1303	840	921	
1304	850	931	
1305	850	931	
1306	840	931	
1307	820	931	
1308	840	931	
1309	820	901	
1310	820	901	
1311	850	901	
1312	830	901	
1313	810	911	
1314	810	921	
1315	810	921	
1316	810	911	
1317	810	921	
1318	830	931	
1319	850	911	
1320	859	921	
1321	830	931	
1322	830	941	
1323	859	931	
1324	850	931	
1325	840	931	
1326	859	921	
1327	850	911	
1328	850	901	
1329	810	901	
1330	820	901	
1331	840	891	
1332	820	901	
1333	810	911	
1334	820	901	
1335	810	891	
1336	830	911	
1337	840	901	
1338	820	901	
1339	850	901	
1340	820	921	
1341	850	921	
1342	830	931	
1343	850	921	
1344	850	931	
1345	850	921	
1346	830	931	
1347	850	931	
1348	840	921	
1349	840	921	
1350	830	901	
1351	810	911	
1352	840	891	
1353	830	901	
1354	810	891	
1355	820	901	
1356	801	901	
1357	820	901	
1358	840	911	
1359	840	911	
1360	840	921	
1361	850	911	
1362	820	931	
1363	840	921	
1364	840	931	
1365	830	931	
1366	840	931	
1367	850	911	
1368	840	911	
1369	840	921	
1370	840	901	
1371	820	901	
1372	840	891	
1373	820	901	
1374	820	891	
1375	810	901	
1376	840	891	
1377	820	891	
1378	820	891	
1379	810	911	
1380	810	921	
1381	850	901	
1382	810	921	
1383	850	901	
1384	810	931	
1385	830	931	
1386	810	921	
1387	840	921	
1388	850	931	
1389	840	931	
1390	830	921	
1391	850	921	
1392	840	931	
1393	830	921	
1394	850	931	
1395	830	911	
1396	830	921	
1397	820	921	
1398	820	901	
1399	840	891	
1400	810	891	
1401	810	901	
1402	830	881	
1403	801	901	
1404	830	901	
1405	820	901	
1406	810	881	
1407	820	891	
1408	801	891	
1409	840	891	
1410	801	901	
1411	820	891	
1412	830	901	
1413	810	901	
1414	850	901	
1415	810	911	
1416	840	921	
1417	820	921	
1418	850	901	
1419	830	931	
1420	850	921	
1421	820	931	
1422	840	921	
1423	820	931	
1424	840	901	
1425	810	901	
1426	810	901	
1427	801	901	
1428	810	891	
1429	820	891	
1430	781	901	
1431	830	881	
1432	810	901	
1433	810	901	
1434	840	911	
1435	850	921	
1436	840	921	
1437	820	921	
1438	840	921	
1439	840	911	
1440	850	891	
1441	830	911	
1442	820	911	
1443	810	891	
1444	810	891	
1445	830	891	
1446	810	901	
1447	801	901	
1448	820	881	
1449	810	881	
1450	810	901	
1451	791	891	
1452	791	891	
1453	810	891	
1454	810	891	
1455	840	881	
1456	810	901	
1457	791	891	
1458	830	901	
1459	820	901	
1460	820	901	
1461	810	921	
1462	820	921	
1463	820	901	
1464	820	921	
1465	810	921	
1466	840	901	
1467	820	901	
1468	810	891	
1469	801	891	
1470	810	891	
1471	801	881	
1472	820	881	
1473	810	891	
1474	801	881	
1475	791	881	
1476	801	881	
1477	820	901	
1478	810	901	
1479	810	921	
1480	820	911	
1481	810	921	
1482	820	901	
1483	820	891	
1484	810	891	
1485	810	881	
1486	791	881	
1487	820	881	
1488	820	881	
1489	791	901	
1490	801	901	
1491	840	881	
1492	850	901	
1493	830	911	
1494	820	921	
1495	810	921	
1496	820	921	
1497	850	911	
1498	810	901	
1499	810	921	
1500	810	911	
1501	820	881	
1502	810	891	
1503	820	881	
1504	810	881	
1505	810	881	
1506	801	881	
1507	810	881	
1508	820	871	
1509	820	891	
1510	820	891	
1511	820	891	
1512	820	901	
1513	820	911	
1514	820	901	
1515	850	891	
1516	820	921	
1517	840	911	
1518	810	911	
1519	830	911	
1520	810	911	
1521	830	891	
1522	791	881	
1523	820	891	
1524	791	881	
1525	830	891	
1526	820	891	
1527	840	891	
1528	810	921	
1529	810	921	
1530	850	911	
1531	810	911	
1532	830	881	
1533	781	891	
1534	820	881	
1535	801	881	
1536	781	891	
1537	820	891	
1538	830	881	
1539	810	891	
1540	830	891	
1541	810	901	
1542	810	921	
1543	840	901	
1544	830	901	
1545	810	901	
1546	810	891	
1547	820	881	
1548	810	881	
1549	810	881	
1550	771	881	
1551	810	881	
1552	801	871	
1553	820	871	
1554	791	871	
1555	820	871	
1556	791	881	
1557	810	891	
1558	810	881	
1559	810	881	
1560	801	881	
1561	820	881	
1562	801	881	
1563	820	881	
1564	801	881	
1565	820	891	
1566	830	881	
1567	810	881	
1568	840	891	
1569	820	891	
1570	840	891	
1571	810	921	
1572	840	901	
1573	810	891	
1574	830	891	
1575	801	901	
1576	830	881	
1577	820	881	
1578	791	881	
1579	820	871	
1580	820	881	
1581	791	881	
1582	810	881	
1583	771	881	
1584	791	871	
1585	810	871	
1586	791	881	
1587	810	891	
1588	810	891	
1589	840	891	
1590	810	901	
1591	840	891	
1592	810	901	
1593	830	901	
1594	810	901	
1595	830	891	
1596	810	911	
1597	830	901	
1598	810	901	
1599	850	891	
1600	810	891	
1601	810	881	
1602	820	881	
1603	810	881	
1604	801	891	
1605	840	881	
1606	810	881	
1607	791	891	
1608	820	881	
1609	791	881	
1610	810	861	
1611	801	871	
1612	820	871	
1613	781	881	
1614	791	871	
1615	820	871	
1616	771	871	
1617	762	881	
1618	810	861	
1619	820	871	
1620	820	871	
1621	791	881	
1622	810	881	
1623	810	891	
1624	820	881	
1625	820	881	
1626	791	901	
1627	820	891	
1628	830	891	
1629	810	901	
1630	830	901	
1631	830	901	
1632	810	891	
1633	810	891	
1634	810	871	
1635	762	881	
1636	791	881	
1637	791	881	
1638	820	861	
1639	791	891	
1640	801	881	
1641	810	891	
1642	820	891	
1643	840	881	
1644	801	911	
1645	820	881	
1646	810	891	
1647	810	891	
1648	801	891	
1649	791	891	
1650	791	871	
1651	791	881	
1652	791	871	
1653	762	881	
1654	810	871	
1655	791	871	
1656	810	881	
1657	820	881	
1658	820	881	
1659	810	891	
1660	810	891	
1661	830	891	
1662	820	891	
1663	810	901	
1664	810	891	
1665	820	871	
1666	791	861	
1667	762	871	
1668	781	871	
1669	791	871	
1670	781	871	
1671	820	871	
1672	820	881	
1673	830	881	
1674	791	901	
1675	810	891	
1676	801	901	
1677	801	901	
1678	810	891	
1679	830	881	
1680	810	881	
1681	801	881	
1682	810	881	
1683	810	871	
1684	810	851	
1685	801	871	
1686	810	851	
1687	771	871	
1688	791	881	
1689	781	881	
1690	791	891	
1691	820	891	
1692	840	881	
1693	810	891	
1694	791	881	
1695	820	881	
1696	791	861	
1697	801	881	
1698	820	881	
1699	840	881	
1700	840	891	
1701	791	891	
1702	801	871	
1703	810	851	
1704	810	871	
1705	810	851	
1706	771	861	
1707	762	871	
1708	762	861	
1709	801	871	
1710	791	881	
1711	810	891	
1712	791	891	
1713	791	891	
1714	791	881	
1715	781	861	
1716	762	871	
1717	762	851	
1718	801	851	
1719	810	871	
1720	791	861	
1721	791	871	
1722	781	891	
1723	810	881	
1724	810	891	
1725	801	891	
1726	810	851	
1727	801	871	
1728	810	881	
1729	830	891	
1730	820	881	
1731	781	881	
1732	762	871	
1733	762	851	
1734	810	861	
1735	820	881	
1736	820	891	
1737	810	891	
1738	820	871	
1739	762	881	
1740	771	861	
1741	771	861	
1742	781	861	
1743	781	881	
1744	810	881	
1745	810	881	
1746	810	881	
1747	801	881	
1748	791	881	
1749	810	861	
1750	810	871	
1751	801	891	
1752	820	871	
1753	810	841	
1754	791	851	
1755	810	881	
1756	820	881	
1757	791	851	
1758	820	881	
1759	820	871	
1760	810	851	
1761	791	851	
1762	791	871	
1763	820	891	
1764	810	851	
1765	762	871	
1766	801	901	
1767	820	851	
1768	810	881	
1769	791	891	
1770	781	851	
1771	791	891	
1772	781	881	
1773	771	851	
1774	810	881	
1775	820	881	
1776	791	851	
1777	810	861	
1778	820	881	
1779	801	871	
1780	791	851	
1781	762	881	
1782	820	891	
1783	820	871	
1784	810	841	
1785	791	871	
1786	830	871	
1787	751	871	
1788	810	871	
1789	771	871	
1790	762	871	
1791	820	881	
1792	810	891	
1793	820	841	
1794	810	841	
1795	820	881	
1796	801	871	
1797	801	861	
1798	810	871	
1799	830	871	
1800	781	851	
1801	810	871	
1802	801	871	
1803	762	861	
1804	820	881	
1805	820	871	
1806	801	861	
1807	830	881	
1808	791	881	
1809	810	871	
1810	801	851	
1811	810	871	
1812	820	871	
1813	771	851	
1814	820	851	
1815	771	871	
1816	791	871	
1817	820	881	
1818	810	871	
1819	751	861	
1820	801	881	
1821	762	871	
1822	762	861	
1823	791	881	
1824	810	881	
1825	801	841	
1826	791	881	
1827	771	881	
1828	791	851	
1829	810	881	
1830	801	851	
1831	810	851	
1832	830	871	
1833	791	851	
1834	801	851	
1835	801	871	
1836	810	861	
1837	801	861	
1838	830	871	
1839	751	861	
1840	791	861	
1841	801	881	
1842	762	841	
1843	771	891	
1844	791	841	
1845	820	881	
1846	810	881	
1847	810	841	
1848	820	871	
1849	762	861	
1850	810	861	
1851	791	871	
1852	762	861	
1853	810	871	
1854	771	871	
1855	810	871	
1856	771	881	
1857	762	861	
1858	810	871	
1859	791	861	
1860	820	861	
1861	762	871	
1862	762	851	
1863	801	881	
1864	791	851	
1865	810	871	
1866	801	871	
1867	771	851	
1868	820	861	
1869	762	871	
1870	791	851	
1871	791	881	
1872	810	851	
1873	791	851	
1874	801	881	
1875	810	871	
1876	810	841	
1877	781	851	
1878	801	861	
1879	810	851	
1880	762	841	
1881	810	871	
1882	810	871	
1883	810	841	
1884	791	871	
1885	791	881	
1886	791	841	
1887	801	871	
1888	781	861	
1889	801	851	
1890	801	871	
1891	771	841	
1892	810	871	
1893	810	861	
1894	801	841	
1895	810	851	
1896	762	871	
1897	801	841	
1898	801	871	
1899	762	851	
1900	791	851	
1901	781	881	
1902	771	881	
1903	762	851	
1904	801	871	
1905	810	871	
1906	762	871	
1907	771	851	
1908	791	871	
1909	810	871	
1910	791	851	
1911	810	851	
1912	801	871	
1913	801	831	
1914	791	851	
1915	810	871	
1916	781	841	
1917	791	851	
1918	801	881	
1919	801	841	
1920	810	841	
1921	791	871	
1922	791	851	
1923	791	851	
1924	820	881	
1925	791	861	
1926	781	841	
1927	771	841	
1928	810	851	
1929	771	881	
1930	791	851	
1931	801	841	
1932	771	881	
1933	801	881	
1934	810	851	
1935	810	841	
1936	810	831	
1937	801	881	
1938	762	861	
1939	810	841	
1940	742	851	
1941	801	841	
1942	791	851	
1943	810	881	
1944	791	861	
1945	762	841	
1946	810	841	
1947	791	881	
1948	791	871	
1949	810	841	
1950	751	851	
1951	742	851	
1952	810	871	
1953	820	861	
1954	791	851	
1955	771	841	
1956	801	841	
1957	771	871	
1958	810	881	
1959	820	861	
1960	801	841	
1961	791	841	
1962	771	871	
1963	791	881	
1964	781	861	
1965	771	841	
1966	762	841	
1967	762	841	
1968	791	851	
1969	810	871	
1970	791	861	
1971	791	851	
1972	801	831	
1973	771	841	
1974	791	851	
1975	810	861	
1976	801	881	
1977	801	851	
1978	801	861	
1979	791	851	
1980	801	841	
1981	762	841	
1982	791	841	
1983	762	851	
1984	810	851	
1985	771	871	
1986	791	861	
1987	791	851	
1988	791	841	
1989	801	851	
1990	810	861	
1991	810	851	
1992	751	851	
1993	791	841	
1994	810	841	
1995	810	851	
1996	820	861	
1997	791	851	
1998	762	861	
1999	801	831	
2000	781	841	
2001	771	861	
2002	820	871	
2003	791	851	
2004	771	851	
2005	791	821	
2006	791	841	
2007	762	841	
2008	791	861	
2009	771	871	
2010	810	871	
2011	801	851	
2012	751	851	
2013	791	821	
2014	791	841	
2015	791	851	
2016	791	871	
2017	791	851	
2018	762	841	
2019	771	841	
2020	801	831	
2021	771	861	
2022	810	861	
2023	810	851	
2024	751	841	
2025	742	841	
2026	762	841	
2027	810	861	
2028	820	871	
2029	781	841	
2030	791	841	
2031	742	841	
2032	762	841	
2033	791	851	
2034	820	851	
2035	810	871	
2036	820	851	
2037	791	851	
2038	751	841	
2039	762	841	
2040	810	841	
2041	820	851	
2042	810	861	
2043	791	851	
2044	762	831	
2045	810	841	
2046	791	851	
2047	791	851	
2048	781	841	
2049	762	841	
2050	810	851	
2051	820	851	
2052	762	841	
2053	791	831	
2054	771	851	
2055	762	871	
2056	791	851	
2057	762	831	
2058	791	841	
2059	762	841	
2060	762	831	
2061	791	841	
2062	810	851	
2063	810	871	
2064	810	861	
2065	771	871	
2066	771	851	
2067	762	841	
2068	771	841	
2069	791	821	
2070	771	851	
2071	742	841	
2072	742	841	
2073	751	841	
2074	801	841	
2075	791	841	
2076	751	841	
2077	742	841	
2078	791	841	
2079	791	841	
2080	762	861	
2081	791	851	
2082	791	851	
2083	810	861	
2084	791	861	
2085	781	871	
2086	791	851	
2087	801	861	
2088	801	831	
2089	742	841	
2090	742	831	
2091	751	821	
2092	762	831	
2093	762	861	
2094	762	851	
2095	771	871	
2096	791	851	
2097	801	851	
2098	762	851	
2099	751	841	
2100	762	821	
2101	751	851	
2102	791	851	
2103	810	841	
2104	762	851	
2105	810	861	
2106	751	851	
2107	791	841	
2108	791	841	
2109	781	841	
2110	781	851	
2111	801	861	
2112	791	851	
2113	810	851	
2114	791	851	
2115	801	841	
2116	742	831	
2117	762	821	
2118	762	821	
2119	751	821	
2120	751	821	
2121	781	841	
2122	762	821	
2123	762	821	
2124	762	821	
2125	762	831	
2126	762	851	
2127	771	871	
2128	791	841	
2129	791	871	
2130	810	851	
2131	801	831	
2132	762	841	
2133	791	851	
2134	771	851	
2135	801	841	
2136	762	821	
2137	801	821	
2138	791	821	
2139	762	841	
2140	762	821	
2141	762	821	
2142	762	821	
2143	762	841	
2144	801	841	
2145	801	851	
2146	801	841	
2147	791	841	
2148	771	851	
2149	771	861	
2150	791	841	
2151	801	821	
2152	771	851	
2153	791	851	
2154	801	851	
2155	762	861	
2156	762	851	
2157	791	841	
2158	810	841	
2159	762	861	
2160	762	861	
2161	781	861	
2162	781	851	
2163	791	841	
2164	791	841	
2165	820	841	
2166	810	851	
2167	810	841	
2168	810	841	
2169	791	841	
2170	801	841	
2171	810	851	
2172	762	841	
2173	801	851	
2174	762	841	
2175	810	841	
2176	751	841	
2177	810	831	
2178	810	841	
2179	801	851	
2180	791	851	
2181	801	851	
2182	762	851	
2183	810	841	
2184	771	861	
2185	810	851	
2186	820	841	
2187	801	841	
2188	791	851	
2189	810	841	
2190	791	841	
2191	762	841	
2192	762	841	
2193	791	821	
2194	751	831	
2195	742	791	
2196	791	801	
2197	810	821	
2198	801	821	
2199	762	821	
2200	801	831	
2201	810	841	
2202	791	851	
2203	801	841	
2204	801	841	
2205	791	841	
2206	771	821	
2207	762	821	
2208	791	821	
2209	771	831	
2210	791	801	
2211	762	821	
2212	751	812	
2213	762	821	
2214	771	831	
2215	801	841	
2216	810	851	
2217	781	851	
2218	810	841	
2219	810	831	
2220	801	821	
2221	801	821	
2222	762	831	
2223	762	841	
2224	791	841	
2225	801	831	
2226	791	821	
2227	762	831	
2228	762	821	
2229	751	821	
2230	751	801	
2231	771	831	
2232	791	831	
2233	781	831	
2234	791	841	
2235	771	851	
2236	771	821	
2237	762	812	
2238	742	831	
2239	791	821	
2240	810	831	
2241	801	851	
2242	810	851	
2243	810	831	
2244	801	821	
2245	742	831	
2246	742	821	
2247	762	821	
2248	751	812	
2249	781	831	
2250	801	821	
2251	771	841	
2252	762	861	
2253	810	821	
2254	801	821	
2255	781	821	
2256	742	821	
2257	791	821	
2258	810	841	
2259	762	831	
2260	751	831	
2261	762	791	
2262	742	831	
2263	791	841	
2264	762	841	
2265	762	821	
2266	791	821	
2267	762	841	
2268	810	851	
2269	801	831	
2270	751	831	
2271	742	801	
2272	771	831	
2273	810	831	
2274	801	841	
2275	771	821	
2276	771	821	
2277	791	812	
2278	732	831	
2279	771	821	
2280	762	831	
2281	810	841	
2282	791	841	
2283	762	821	
2284	791	821	
2285	742	831	
2286	771	831	
2287	742	821	
2288	791	791	
2289	791	841	
2290	791	841	
2291	810	851	
2292	771	841	
2293	791	841	
2294	742	831	
2295	791	791	
2296	810	831	
2297	781	841	
2298	762	851	
2299	810	841	
2300	751	821	
2301	742	821	
2302	791	831	
2303	820	841	
2304	762	851	
2305	791	821	
2306	742	831	
2307	791	821	
2308	810	821	
2309	762	831	
2310	791	831	
2311	810	841	
2312	820	841	
2313	810	831	
2314	801	841	
2315	751	841	
2316	762	841	
2317	751	831	
2318	742	791	
2319	762	801	
2320	771	821	
2321	771	821	
2322	801	841	
2323	791	831	
2324	771	821	
2325	771	791	
2326	781	841	
2327	810	831	
2328	781	851	
2329	810	841	
2330	791	791	
2331	742	801	
2332	762	821	
2333	781	821	
2334	762	821	
2335	771	841	
2336	810	821	
2337	791	821	
2338	810	831	
2339	771	841	
2340	791	801	
2341	742	821	
2342	781	791	
2343	771	791	
2344	762	801	
2345	742	821	
2346	742	791	
2347	791	791	
2348	751	791	
2349	791	791	
2350	762	821	
2351	751	801	
2352	751	812	
2353	801	841	
2354	810	841	
2355	771	831	
2356	751	831	
2357	742	821	
2358	751	831	
2359	791	801	
2360	742	812	
2361	762	791	
2362	742	821	
2363	742	821	
2364	801	821	
2365	801	841	
2366	762	831	
2367	791	821	
2368	742	821	
2369	791	791	
2370	791	801	
2371	751	821	
2372	762	801	
2373	762	821	
2374	801	841	
2375	791	841	
2376	751	821	
2377	791	791	
