Vernier Format 2
cstr_1200_300_2.txt 8/2/118 14:24:37
Run 1
Time	Conductivity	Conductivity	Conductivity	
T	C	C	C	
s	µS/cm	µS/cm	µS/cm	

0	1018	1593	1307	
1	959	1623	1262	
2	1067	1612	1318	
3	1038	1612	1351	
4	969	1612	1228	
5	1078	1612	1284	
6	1038	1633	1318	
7	989	1603	1228	
8	1048	1603	1351	
9	1028	1623	1351	
10	1018	1603	1228	
11	1067	1612	1362	
12	1008	1603	1318	
13	1018	1612	1217	
14	1058	1643	1318	
15	1038	1572	1340	
16	998	1623	1228	
17	1067	1612	1296	
18	1038	1612	1340	
19	989	1603	1228	
20	1048	1603	1284	
21	1078	1653	1362	
22	989	1582	1251	
23	1018	1612	1273	
24	1097	1633	1329	
25	1018	1603	1273	
26	989	1612	1273	
27	1048	1603	1318	
28	1028	1643	1273	
29	989	1612	1217	
30	1078	1582	1351	
31	1018	1623	1329	
32	989	1623	1206	
33	1067	1612	1307	
34	1048	1603	1307	
35	989	1623	1251	
36	1038	1612	1284	
37	1058	1593	1362	
38	989	1612	1307	
39	1028	1603	1239	
40	1087	1623	1362	
41	1008	1582	1296	
42	998	1612	1239	
43	1078	1612	1307	
44	1067	1593	1362	
45	989	1612	1273	
46	1008	1612	1217	
47	1078	1623	1340	
48	1008	1582	1307	
49	998	1612	1273	
50	1067	1623	1262	
51	1078	1603	1351	
52	979	1603	1307	
53	989	1612	1251	
54	1078	1623	1329	
55	1038	1582	1307	
56	998	1623	1251	
57	1038	1623	1239	
58	1067	1612	1351	
59	998	1612	1284	
60	998	1623	1251	
61	1048	1612	1307	
62	1058	1582	1362	
63	1018	1623	1318	
64	998	1603	1228	
65	1038	1603	1307	
66	1038	1612	1340	
67	989	1643	1296	
68	969	1612	1217	
69	1038	1603	1307	
70	1048	1623	1374	
71	1028	1603	1284	
72	969	1612	1228	
73	1067	1582	1318	
74	1078	1653	1362	
75	969	1603	1251	
76	989	1623	1228	
77	1078	1612	1273	
78	1048	1623	1362	
79	969	1603	1273	
80	998	1623	1217	
81	1038	1612	1284	
82	1038	1593	1374	
83	1018	1623	1284	
84	979	1603	1239	
85	1018	1612	1296	
86	1048	1582	1318	
87	1048	1623	1351	
88	998	1612	1228	
89	998	1603	1239	
90	1078	1593	1307	
91	1048	1643	1351	
92	959	1603	1251	
93	979	1612	1262	
94	1038	1623	1284	
95	1078	1612	1351	
96	1018	1582	1307	
97	989	1623	1228	
98	989	1612	1251	
99	1166	1603	1329	
100	1156	1612	1318	
101	1186	1603	1307	
102	1137	1582	1228	
103	1304	1582	1273	
104	1581	1612	1307	
105	1867	1553	1318	
106	1729	1562	1195	
107	1808	1572	1228	
108	2015	1582	1307	
109	1916	1532	1329	
110	1847	1553	1195	
111	1966	1562	1173	
112	2104	1582	1296	
113	2035	1522	1351	
114	1956	1542	1251	
115	1985	1562	1173	
116	2074	1582	1262	
117	2094	1512	1318	
118	1995	1572	1262	
119	1966	1572	1184	
120	1985	1553	1239	
121	2035	1532	1318	
122	2064	1582	1340	
123	1966	1562	1217	
124	1907	1542	1173	
125	2025	1542	1262	
126	2094	1593	1307	
127	2035	1532	1307	
128	1936	1553	1217	
129	1966	1572	1195	
130	2025	1582	1239	
131	2064	1532	1351	
132	2015	1553	1329	
133	1936	1582	1273	
134	1887	1542	1195	
135	1966	1532	1228	
136	2064	1562	1307	
137	2025	1562	1340	
138	1907	1522	1239	
139	1907	1582	1195	
140	1907	1572	1184	
141	1956	1572	1284	
142	2015	1532	1329	
143	1966	1603	1351	
144	1867	1532	1251	
145	1887	1542	1195	
146	1916	1582	1173	
147	1985	1582	1296	
148	1956	1542	1318	
149	1976	1572	1329	
150	1887	1572	1251	
151	1837	1553	1173	
152	1896	1553	1195	
153	1946	1582	1273	
154	1936	1572	1351	
155	1936	1532	1307	
156	1896	1582	1262	
157	1857	1553	1173	
158	1837	1553	1184	
159	1896	1572	1195	
160	1936	1582	1318	
161	1916	1542	1351	
162	1907	1582	1318	
163	1857	1582	1273	
164	1778	1542	1206	
165	1818	1582	1195	
166	1877	1582	1217	
167	1907	1562	1296	
168	1926	1553	1296	
169	1907	1593	1374	
170	1818	1532	1284	
171	1808	1572	1228	
172	1828	1572	1161	
173	1818	1553	1217	
174	1857	1542	1284	
175	1926	1582	1307	
176	1887	1562	1351	
177	1857	1532	1318	
178	1818	1593	1296	
179	1778	1553	1173	
180	1759	1553	1184	
181	1828	1562	1195	
182	1828	1562	1273	
183	1877	1532	1307	
184	1907	1572	1340	
185	1867	1572	1374	
186	1818	1532	1284	
187	1808	1582	1284	
188	1748	1553	1173	
189	1739	1553	1206	
190	1808	1582	1184	
191	1828	1582	1228	
192	1818	1542	1307	
193	1867	1572	1329	
194	1857	1562	1362	
195	1808	1522	1307	
196	1778	1603	1273	
197	1739	1572	1228	
198	1709	1572	1206	
199	1759	1582	1173	
200	1778	1562	1195	
201	1778	1553	1262	
202	1818	1572	1273	
203	1818	1603	1351	
204	1818	1542	1329	
205	1808	1603	1318	
206	1778	1582	1307	
207	1709	1542	1262	
208	1699	1603	1239	
209	1719	1562	1184	
210	1679	1553	1195	
211	1729	1582	1184	
212	1778	1582	1217	
213	1788	1562	1284	
214	1818	1572	1307	
215	1818	1582	1362	
216	1759	1532	1351	
217	1778	1582	1351	
218	1748	1572	1296	
219	1670	1532	1262	
220	1660	1603	1217	
221	1650	1572	1184	
222	1630	1562	1217	
223	1729	1582	1217	
224	1748	1582	1251	
225	1768	1553	1284	
226	1759	1582	1284	
227	1778	1603	1329	
228	1739	1532	1318	
229	1739	1603	1307	
230	1739	1572	1296	
231	1670	1532	1262	
232	1670	1593	1262	
233	1650	1553	1217	
234	1620	1572	1206	
235	1650	1582	1184	
236	1660	1572	1195	
237	1640	1572	1228	
238	1689	1582	1217	
239	1699	1582	1262	
240	1729	1553	1273	
241	1739	1593	1307	
242	1699	1582	1351	
243	1729	1553	1318	
244	1748	1593	1362	
245	1689	1542	1362	
246	1670	1553	1318	
247	1670	1593	1273	
248	1611	1532	1228	
249	1600	1582	1251	
250	1620	1582	1228	
251	1611	1542	1173	
252	1620	1582	1184	
253	1650	1593	1173	
254	1611	1572	1206	
255	1660	1582	1251	
256	1709	1582	1284	
257	1679	1553	1329	
258	1709	1553	1318	
259	1719	1612	1351	
260	1660	1553	1340	
261	1670	1582	1340	
262	1650	1582	1351	
263	1620	1532	1296	
264	1620	1603	1296	
265	1581	1582	1262	
266	1581	1553	1228	
267	1591	1603	1228	
268	1571	1582	1195	
269	1561	1582	1217	
270	1600	1582	1173	
271	1581	1582	1184	
272	1620	1582	1251	
273	1689	1582	1273	
274	1660	1582	1340	
275	1630	1553	1329	
276	1630	1612	1351	
277	1571	1562	1284	
278	1571	1553	1251	
279	1551	1582	1239	
280	1551	1553	1161	
281	1571	1572	1217	
282	1611	1582	1217	
283	1620	1582	1307	
284	1620	1562	1340	
285	1630	1612	1374	
286	1611	1562	1318	
287	1581	1593	1307	
288	1551	1612	1273	
289	1502	1572	1195	
290	1551	1603	1206	
291	1541	1572	1206	
292	1502	1582	1184	
293	1551	1572	1217	
294	1571	1603	1262	
295	1591	1553	1307	
296	1630	1582	1296	
297	1630	1582	1340	
298	1600	1532	1329	
299	1581	1612	1307	
300	1541	1572	1262	
301	1511	1553	1262	
302	1511	1603	1228	
303	1492	1562	1217	
304	1511	1582	1195	
305	1551	1593	1228	
306	1551	1572	1273	
307	1581	1572	1284	
308	1620	1612	1318	
309	1571	1553	1340	
310	1551	1582	1318	
311	1551	1582	1307	
312	1482	1542	1262	
313	1492	1603	1251	
314	1482	1582	1217	
315	1492	1562	1206	
316	1502	1572	1228	
317	1561	1582	1262	
318	1541	1572	1318	
319	1600	1582	1318	
320	1571	1612	1374	
321	1551	1553	1340	
322	1561	1593	1329	
323	1502	1582	1307	
324	1472	1553	1251	
325	1463	1603	1239	
326	1452	1582	1173	
327	1443	1582	1206	
328	1502	1582	1184	
329	1511	1603	1228	
330	1541	1572	1273	
331	1581	1593	1273	
332	1561	1582	1362	
333	1531	1562	1318	
334	1581	1603	1340	
335	1551	1572	1318	
336	1472	1572	1262	
337	1472	1623	1284	
338	1443	1542	1239	
339	1443	1582	1195	
340	1472	1603	1173	
341	1463	1582	1228	
342	1482	1572	1284	
343	1511	1603	1307	
344	1511	1593	1351	
345	1522	1562	1340	
346	1531	1603	1362	
347	1472	1553	1340	
348	1433	1582	1284	
349	1433	1612	1273	
350	1393	1572	1206	
351	1403	1603	1217	
352	1443	1582	1206	
353	1413	1593	1228	
354	1492	1572	1262	
355	1502	1603	1251	
356	1492	1582	1329	
357	1502	1562	1340	
358	1522	1612	1362	
359	1472	1553	1296	
360	1443	1582	1273	
361	1443	1603	1273	
362	1403	1542	1228	
363	1383	1582	1251	
364	1433	1582	1217	
365	1403	1572	1228	
366	1443	1582	1262	
367	1511	1612	1262	
368	1502	1572	1329	
369	1472	1572	1307	
370	1482	1612	1351	
371	1433	1553	1307	
372	1393	1582	1273	
373	1393	1603	1262	
374	1354	1572	1206	
375	1383	1582	1228	
376	1413	1603	1184	
377	1413	1572	1228	
378	1443	1582	1251	
379	1492	1593	1262	
380	1463	1582	1296	
381	1502	1562	1307	
382	1502	1623	1351	
383	1433	1542	1340	
384	1393	1593	1307	
385	1383	1612	1262	
386	1374	1562	1217	
387	1383	1612	1217	
388	1403	1582	1173	
389	1354	1582	1206	
390	1433	1582	1251	
391	1472	1612	1284	
392	1433	1582	1318	
393	1452	1582	1362	
394	1463	1603	1374	
395	1413	1562	1318	
396	1413	1612	1296	
397	1393	1582	1251	
398	1363	1562	1206	
399	1363	1603	1251	
400	1374	1572	1195	
401	1334	1582	1228	
402	1413	1582	1228	
403	1433	1603	1284	
404	1433	1582	1307	
405	1443	1603	1329	
406	1463	1593	1351	
407	1413	1542	1351	
408	1393	1612	1340	
409	1393	1572	1296	
410	1354	1562	1251	
411	1363	1623	1228	
412	1344	1582	1195	
413	1334	1593	1206	
414	1363	1603	1195	
415	1374	1582	1228	
416	1383	1572	1296	
417	1413	1612	1273	
418	1423	1582	1318	
419	1413	1562	1318	
420	1443	1612	1362	
421	1393	1582	1351	
422	1363	1582	1340	
423	1383	1623	1329	
424	1315	1572	1251	
425	1304	1603	1262	
426	1334	1603	1217	
427	1295	1582	1184	
428	1354	1582	1251	
429	1383	1593	1251	
430	1383	1582	1307	
431	1403	1582	1307	
432	1413	1623	1362	
433	1363	1572	1362	
434	1403	1603	1329	
435	1383	1603	1307	
436	1334	1562	1262	
437	1324	1612	1262	
438	1315	1593	1228	
439	1275	1572	1228	
440	1334	1603	1228	
441	1334	1582	1228	
442	1334	1582	1262	
443	1393	1582	1262	
444	1393	1612	1340	
445	1393	1553	1340	
446	1393	1593	1351	
447	1374	1593	1362	
448	1334	1553	1307	
449	1334	1612	1296	
450	1304	1582	1284	
451	1304	1582	1251	
452	1315	1623	1273	
453	1295	1562	1228	
454	1285	1582	1217	
455	1285	1612	1228	
456	1265	1572	1217	
457	1285	1582	1206	
458	1315	1603	1228	
459	1315	1582	1284	
460	1354	1572	1273	
461	1374	1612	1284	
462	1363	1582	1362	
463	1374	1582	1318	
464	1403	1612	1362	
465	1334	1572	1340	
466	1304	1603	1296	
467	1304	1603	1296	
468	1235	1582	1251	
469	1285	1603	1217	
470	1304	1603	1173	
471	1265	1582	1262	
472	1334	1593	1228	
473	1344	1603	1307	
474	1344	1582	1318	
475	1383	1582	1318	
476	1383	1612	1362	
477	1315	1572	1307	
478	1315	1612	1340	
479	1315	1582	1262	
480	1275	1562	1217	
481	1275	1612	1228	
482	1265	1582	1184	
483	1245	1593	1251	
484	1324	1603	1228	
485	1354	1603	1296	
486	1315	1582	1340	
487	1354	1603	1318	
488	1363	1612	1351	
489	1334	1553	1351	
490	1354	1612	1351	
491	1324	1582	1340	
492	1245	1572	1273	
493	1255	1612	1262	
494	1245	1582	1228	
495	1226	1582	1251	
496	1275	1593	1195	
497	1285	1603	1251	
498	1315	1582	1307	
499	1334	1612	1284	
500	1354	1603	1362	
501	1334	1553	1318	
502	1315	1633	1340	
503	1255	1593	1307	
504	1215	1593	1251	
505	1245	1612	1262	
506	1255	1582	1195	
507	1215	1582	1262	
508	1275	1603	1217	
509	1304	1593	1307	
510	1324	1562	1307	
511	1354	1612	1340	
512	1315	1612	1351	
513	1285	1582	1318	
514	1304	1612	1307	
515	1255	1582	1251	
516	1206	1593	1262	
517	1235	1612	1228	
518	1226	1603	1206	
519	1226	1603	1262	
520	1275	1603	1251	
521	1285	1612	1329	
522	1304	1572	1318	
523	1324	1612	1362	
524	1304	1612	1362	
525	1275	1572	1307	
526	1265	1612	1296	
527	1245	1582	1251	
528	1206	1582	1251	
529	1215	1593	1228	
530	1255	1582	1217	
531	1226	1603	1251	
532	1304	1582	1251	
533	1295	1612	1307	
534	1285	1572	1340	
535	1295	1612	1329	
536	1304	1603	1340	
537	1255	1553	1296	
538	1235	1612	1262	
539	1215	1582	1228	
540	1176	1593	1206	
541	1215	1612	1206	
542	1245	1603	1262	
543	1275	1582	1318	
544	1295	1612	1307	
545	1285	1623	1374	
546	1265	1572	1307	
547	1235	1633	1307	
548	1215	1582	1262	
549	1186	1582	1239	
550	1226	1623	1217	
551	1215	1603	1206	
552	1186	1603	1251	
553	1265	1603	1251	
554	1275	1623	1307	
555	1255	1582	1351	
556	1285	1612	1362	
557	1265	1623	1307	
558	1206	1562	1262	
559	1215	1623	1251	
560	1206	1582	1228	
561	1206	1582	1228	
562	1245	1582	1284	
563	1275	1623	1296	
564	1255	1572	1351	
565	1255	1612	1351	
566	1235	1623	1340	
567	1196	1562	1273	
568	1215	1623	1262	
569	1196	1593	1251	
570	1156	1593	1217	
571	1186	1612	1239	
572	1215	1603	1195	
573	1215	1593	1284	
574	1245	1582	1307	
575	1265	1633	1307	
576	1235	1582	1351	
577	1265	1603	1351	
578	1235	1612	1318	
579	1186	1572	1262	
580	1176	1623	1251	
581	1196	1603	1184	
582	1186	1593	1251	
583	1235	1603	1251	
584	1245	1623	1307	
585	1275	1582	1329	
586	1265	1603	1340	
587	1235	1612	1351	
588	1186	1572	1262	
589	1166	1612	1251	
590	1176	1593	1195	
591	1176	1593	1262	
592	1215	1603	1251	
593	1275	1612	1262	
594	1265	1582	1329	
595	1245	1593	1340	
596	1285	1623	1374	
597	1206	1572	1307	
598	1186	1612	1307	
599	1226	1612	1284	
600	1147	1572	1217	
601	1156	1612	1251	
602	1186	1612	1184	
603	1166	1593	1228	
604	1226	1582	1296	
605	1245	1623	1284	
606	1245	1612	1351	
607	1226	1582	1318	
608	1235	1623	1374	
609	1215	1582	1318	
610	1156	1603	1239	
611	1186	1612	1239	
612	1137	1582	1195	
613	1156	1603	1251	
614	1206	1612	1251	
615	1245	1612	1307	
616	1245	1572	1340	
617	1255	1603	1351	
618	1235	1623	1374	
619	1196	1572	1284	
620	1186	1633	1307	
621	1166	1603	1262	
622	1117	1582	1251	
623	1156	1612	1228	
624	1186	1612	1228	
625	1186	1612	1307	
626	1235	1582	1318	
627	1235	1623	1362	
628	1226	1572	1318	
629	1196	1612	1329	
630	1176	1612	1307	
631	1137	1572	1228	
632	1147	1612	1239	
633	1147	1603	1228	
634	1137	1612	1262	
635	1196	1582	1307	
636	1235	1612	1318	
637	1206	1603	1340	
638	1235	1582	1340	
639	1206	1633	1340	
640	1156	1572	1273	
641	1127	1612	1228	
642	1147	1612	1195	
643	1137	1593	1228	
644	1166	1603	1262	
645	1245	1603	1284	
646	1226	1612	1362	
647	1186	1572	1340	
648	1186	1623	1351	
649	1166	1593	1284	
650	1137	1603	1251	
651	1147	1612	1228	
652	1147	1593	1217	
653	1147	1612	1273	
654	1186	1603	1307	
655	1226	1612	1374	
656	1206	1582	1340	
657	1196	1612	1351	
658	1147	1612	1273	
659	1107	1582	1228	
660	1137	1623	1217	
661	1137	1612	1206	
662	1176	1603	1262	
663	1206	1582	1318	
664	1235	1623	1340	
665	1206	1572	1318	
666	1186	1612	1296	
667	1156	1603	1284	
668	1087	1593	1206	
669	1147	1603	1217	
670	1176	1612	1262	
671	1186	1603	1318	
672	1226	1582	1307	
673	1206	1623	1374	
674	1147	1593	1296	
675	1117	1603	1273	
676	1127	1612	1239	
677	1107	1593	1228	
678	1137	1582	1284	
679	1196	1612	1273	
680	1206	1612	1362	
681	1186	1572	1318	
682	1147	1643	1318	
683	1107	1572	1262	
684	1107	1603	1239	
685	1166	1603	1217	
686	1156	1623	1273	
687	1176	1582	1329	
688	1206	1623	1340	
689	1166	1612	1362	
690	1097	1582	1273	
691	1137	1612	1262	
692	1117	1603	1195	
693	1107	1612	1262	
694	1206	1593	1273	
695	1215	1623	1340	
696	1156	1582	1351	
697	1147	1612	1351	
698	1147	1603	1251	
699	1107	1603	1206	
700	1127	1612	1217	
701	1156	1623	1239	
702	1176	1582	1318	
703	1186	1603	1340	
704	1186	1633	1351	
705	1117	1582	1273	
706	1107	1612	1251	
707	1107	1612	1206	
708	1117	1603	1273	
709	1186	1603	1284	
710	1215	1623	1340	
711	1156	1582	1318	
712	1117	1603	1262	
713	1127	1612	1228	
714	1107	1603	1206	
715	1137	1603	1262	
716	1186	1612	1296	
717	1176	1612	1351	
718	1137	1582	1307	
719	1117	1643	1284	
720	1087	1582	1228	
721	1067	1612	1228	
722	1147	1593	1273	
723	1156	1633	1307	
724	1176	1572	1362	
725	1176	1623	1318	
726	1117	1612	1273	
727	1067	1603	1228	
728	1107	1612	1228	
729	1147	1612	1262	
730	1176	1582	1340	
731	1206	1593	1351	
732	1147	1633	1362	
733	1087	1572	1284	
734	1078	1623	1262	
735	1107	1603	1228	
736	1127	1612	1284	
737	1156	1582	1307	
738	1176	1623	1362	
739	1107	1582	1307	
740	1078	1603	1284	
741	1097	1612	1228	
742	1078	1612	1251	
743	1127	1603	1307	
744	1186	1612	1340	
745	1166	1603	1362	
746	1117	1582	1284	
747	1097	1612	1262	
748	1097	1582	1228	
749	1107	1612	1284	
750	1186	1603	1307	
751	1176	1633	1351	
752	1107	1572	1307	
753	1097	1633	1262	
754	1107	1612	1184	
755	1107	1612	1251	
756	1176	1593	1284	
757	1166	1623	1351	
758	1117	1582	1318	
759	1117	1612	1284	
760	1078	1612	1206	
761	1097	1593	1217	
762	1117	1612	1273	
763	1186	1633	1307	
764	1176	1572	1340	
765	1107	1623	1296	
766	1097	1612	1273	
767	1048	1603	1228	
768	1107	1603	1273	
769	1186	1612	1318	
770	1147	1612	1351	
771	1127	1582	1307	
772	1117	1612	1296	
773	1048	1582	1239	
774	1097	1612	1228	
775	1166	1612	1284	
776	1176	1603	1351	
777	1117	1582	1340	
778	1087	1643	1307	
779	1048	1603	1206	
780	1048	1603	1251	
781	1117	1603	1273	
782	1147	1623	1318	
783	1147	1582	1329	
784	1107	1633	1329	
785	1078	1603	1251	
786	1067	1582	1251	
787	1147	1603	1273	
788	1147	1623	1351	
789	1147	1582	1362	
790	1097	1623	1307	
791	1107	1603	1239	
792	1048	1593	1228	
793	1117	1593	1262	
794	1147	1612	1329	
795	1127	1593	1374	
796	1127	1593	1318	
797	1078	1623	1262	
798	1078	1582	1195	
799	1078	1603	1284	
800	1147	1612	1296	
801	1166	1612	1340	
802	1097	1603	1307	
803	1107	1623	1273	
804	1048	1593	1228	
805	1078	1603	1262	
806	1166	1603	1262	
807	1156	1623	1362	
808	1107	1582	1351	
809	1117	1623	1273	
810	1087	1582	1217	
811	1078	1603	1228	
812	1147	1603	1284	
813	1137	1633	1362	
814	1137	1582	1340	
815	1078	1633	1273	
816	1067	1612	1217	
817	1038	1603	1251	
818	1117	1593	1262	
819	1156	1612	1351	
820	1137	1582	1362	
821	1097	1623	1284	
822	1058	1612	1273	
823	1038	1612	1239	
824	1107	1603	1262	
825	1166	1612	1318	
826	1127	1603	1362	
827	1087	1612	1307	
828	1087	1612	1284	
829	1067	1582	1195	
830	1058	1612	1262	
831	1137	1612	1307	
832	1147	1603	1374	
833	1117	1582	1318	
834	1078	1633	1296	
835	1048	1582	1217	
836	1038	1612	1251	
837	1127	1612	1284	
838	1127	1612	1351	
839	1117	1572	1318	
840	1067	1633	1318	
841	1058	1612	1251	
842	1067	1593	1228	
843	1107	1603	1262	
844	1137	1623	1340	
845	1107	1572	1351	
846	1087	1623	1307	
847	1058	1612	1228	
848	1048	1593	1217	
849	1097	1582	1296	
850	1176	1623	1318	
851	1107	1582	1374	
852	1087	1603	1273	
853	1048	1612	1262	
854	1067	1593	1206	
855	1097	1593	1273	
856	1137	1623	1318	
857	1127	1612	1351	
858	1067	1593	1284	
859	1048	1633	1239	
860	1048	1612	1228	
861	1078	1612	1284	
862	1147	1612	1318	
863	1137	1633	1351	
864	1038	1582	1262	
865	1058	1612	1239	
866	1067	1603	1228	
867	1097	1603	1307	
868	1147	1582	1318	
869	1097	1643	1351	
870	1048	1593	1217	
871	1048	1612	1251	
872	1117	1623	1273	
873	1107	1603	1351	
874	1078	1582	1318	
875	1067	1643	1262	
876	1038	1612	1195	
877	1067	1603	1284	
878	1117	1593	1351	
879	1147	1633	1362	
880	1067	1572	1296	
881	1028	1633	1251	
882	1067	1612	1228	
883	1087	1612	1284	
884	1147	1582	1318	
885	1097	1643	1362	
886	1067	1582	1251	
887	1018	1603	1239	
888	1078	1612	1262	
889	1127	1612	1307	
890	1097	1572	1362	
891	1078	1633	1318	
892	1067	1612	1239	
893	1028	1603	1239	
894	1117	1582	1296	
895	1147	1643	1362	
896	1078	1603	1307	
897	1028	1612	1273	
898	1038	1623	1217	
899	1078	1603	1284	
900	1107	1582	1329	
901	1117	1633	1362	
902	1048	1593	1307	
903	1008	1593	1228	
904	1067	1612	1228	
905	1107	1633	1318	
906	1097	1593	1318	
907	1097	1612	1340	
908	1048	1612	1273	
909	1018	1593	1239	
910	1087	1582	1273	
911	1117	1612	1351	
912	1107	1612	1362	
913	1067	1582	1296	
914	1048	1623	1262	
915	1067	1603	1239	
916	1117	1603	1307	
917	1107	1623	1329	
918	1107	1633	1307	
919	1018	1582	1239	
920	1038	1623	1228	
921	1087	1623	1262	
922	1117	1603	1340	
923	1078	1582	1351	
924	1067	1643	1296	
925	1038	1593	1195	
926	1038	1603	1262	
927	1127	1612	1307	
928	1107	1623	1351	
929	1038	1582	1262	
930	1028	1643	1239	
931	1058	1612	1228	
932	1078	1603	1351	
933	1117	1593	1351	
934	1097	1623	1340	
935	1018	1582	1251	
936	1008	1612	1262	
937	1107	1612	1284	
938	1137	1612	1362	
939	1078	1572	1296	
940	1048	1623	1284	
941	1018	1612	1228	
942	1067	1603	1273	
943	1117	1612	1296	
944	1097	1623	1340	
945	1018	1582	1251	
946	1018	1612	1228	
947	1097	1623	1251	
948	1107	1612	1362	
949	1097	1582	1307	
950	1078	1623	1296	
951	1008	1612	1195	
952	1058	1593	1284	
953	1127	1612	1307	
954	1097	1623	1374	
955	1028	1582	1262	
956	1008	1612	1262	
957	1067	1623	1239	
958	1097	1603	1362	
959	1087	1603	1351	
960	1058	1633	1307	
961	998	1603	1195	
962	1038	1603	1273	
963	1107	1612	1318	
964	1117	1643	1340	
965	1028	1572	1262	
966	1038	1612	1262	
967	1078	1612	1239	
968	1097	1612	1340	
969	1097	1593	1307	
970	1038	1623	1284	
971	1028	1593	1195	
972	1048	1612	1307	
973	1097	1612	1340	
974	1097	1633	1318	
975	998	1582	1228	
976	1038	1623	1217	
977	1097	1612	1307	
978	1107	1603	1351	
979	1038	1603	1307	
980	1018	1633	1262	
981	1048	1603	1217	
982	1048	1603	1318	
983	1107	1612	1351	
984	1048	1623	1307	
985	1018	1582	1217	
986	1058	1612	1239	
987	1097	1623	1296	
988	1078	1612	1340	
989	1038	1593	1262	
990	1018	1612	1228	
991	1058	1623	1251	
992	1078	1593	1340	
993	1097	1623	1362	
994	1038	1612	1251	
995	1018	1612	1228	
996	1078	1603	1307	
997	1097	1633	1374	
998	989	1603	1239	
999	1058	1612	1251	
1000	1117	1623	1351	
1001	1058	1612	1296	
1002	1018	1593	1239	
1003	1078	1593	1296	
1004	1087	1633	1362	
1005	989	1603	1262	
1006	1038	1603	1228	
1007	1097	1612	1340	
1008	1048	1603	1318	
1009	989	1603	1228	
1010	1067	1603	1273	
1011	1097	1633	1385	
1012	1018	1582	1262	
1013	1038	1612	1251	
1014	1117	1623	1351	
1015	1058	1582	1340	
1016	1028	1603	1284	
1017	1048	1603	1228	
1018	1097	1612	1307	
1019	1087	1572	1351	
1020	1038	1623	1318	
1021	1038	1603	1217	
1022	1058	1612	1273	
1023	1078	1603	1318	
1024	1067	1653	1340	
1025	989	1593	1228	
1026	1018	1603	1273	
1027	1107	1612	1284	
1028	1097	1623	1374	
1029	1008	1582	1262	
1030	998	1633	1228	
1031	1067	1612	1307	
1032	1078	1603	1362	
1033	1038	1612	1262	
1034	1008	1623	1251	
1035	1067	1612	1262	
1036	1067	1582	1362	
1037	1078	1633	1318	
1038	998	1603	1251	
1039	1038	1612	1251	
1040	1078	1603	1296	
1041	1097	1643	1362	
1042	1018	1582	1217	
1043	1028	1603	1262	
1044	1117	1612	1307	
1045	1087	1612	1374	
1046	1008	1582	1228	
1047	1018	1612	1262	
1048	1117	1623	1307	
1049	1078	1582	1351	
1050	998	1623	1251	
1051	1018	1612	1239	
1052	1078	1633	1318	
1053	1067	1582	1351	
1054	998	1643	1296	
1055	1008	1612	1206	
1056	1058	1603	1351	
1057	1097	1582	1340	
1058	1038	1653	1273	
1059	989	1612	1228	
1060	1048	1593	1307	
1061	1107	1612	1340	
1062	1028	1612	1251	
1063	1018	1603	1228	
1064	1078	1603	1307	
1065	1107	1633	1362	
1066	998	1582	1262	
1067	998	1623	1228	
1068	1097	1603	1307	
1069	1097	1633	1362	
1070	1008	1582	1228	
1071	1028	1612	1239	
1072	1078	1633	1318	
1073	1048	1612	1329	
1074	989	1603	1251	
1075	1018	1612	1239	
1076	1107	1623	1329	
1077	1038	1582	1318	
1078	1018	1623	1284	
1079	1038	1623	1228	
1080	1067	1623	1340	
1081	1048	1582	1307	
1082	1018	1623	1262	
1083	1038	1603	1273	
1084	1067	1603	1340	
1085	1028	1612	1284	
1086	1008	1612	1195	
1087	1038	1612	1318	
1088	1067	1593	1351	
1089	1028	1633	1284	
1090	1028	1612	1195	
1091	1078	1593	1340	
1092	1038	1612	1329	
1093	1018	1612	1251	
1094	1048	1612	1307	
1095	1078	1582	1340	
1096	1028	1643	1273	
1097	1038	1603	1195	
1098	1048	1612	1329	
1099	1048	1593	1318	
1100	998	1633	1228	
1101	1028	1612	1262	
1102	1058	1603	1318	
1103	1048	1623	1296	
1104	1018	1612	1195	
1105	1048	1603	1318	
1106	1048	1612	1318	
1107	998	1623	1239	
1108	1028	1612	1251	
1109	1048	1582	1318	
1110	1038	1623	1307	
1111	1028	1603	1217	
1112	1058	1612	1362	
1113	1038	1603	1362	
1114	998	1633	1262	
1115	1038	1612	1284	
1116	1078	1572	1362	
1117	1038	1633	1307	
1118	1018	1612	1228	
1119	1048	1612	1362	
1120	1038	1593	1340	
1121	989	1623	1239	
1122	1067	1612	1307	
1123	1067	1582	1307	
1124	1018	1623	1251	
1125	1058	1612	1262	
1126	1058	1582	1340	
1127	969	1612	1273	
1128	1048	1603	1251	
1129	1087	1633	1351	
1130	989	1582	1262	
1131	1028	1612	1228	
1132	1078	1653	1351	
1133	1008	1572	1262	
1134	998	1612	1284	
1135	1107	1623	1362	
1136	989	1603	1262	
1137	1008	1612	1296	
1138	1078	1612	1351	
1139	1028	1612	1273	
1140	1018	1612	1273	
1141	1067	1593	1318	
1142	989	1623	1273	
1143	1067	1612	1273	
1144	1067	1582	1307	
1145	1008	1623	1251	
1146	1078	1633	1273	
1147	1048	1593	1318	
1148	989	1612	1262	
1149	1078	1603	1329	
1150	1018	1623	1318	
1151	969	1612	1262	
1152	1067	1593	1351	
1153	1028	1633	1273	
1154	998	1623	1239	
1155	1048	1572	1318	
1156	1008	1623	1273	
1157	1048	1623	1273	
1158	1067	1582	1340	
1159	979	1612	1251	
1160	1097	1612	1284	
1161	1018	1612	1307	
1162	969	1612	1262	
1163	1078	1612	1307	
1164	1028	1633	1273	
1165	998	1603	1262	
1166	1067	1603	1318	
1167	1028	1623	1284	
1168	998	1612	1251	
1169	1058	1582	1318	
1170	998	1623	1273	
1171	1048	1612	1273	
1172	1058	1582	1340	
1173	989	1612	1239	
1174	1078	1633	1296	
1175	1038	1593	1307	
1176	969	1612	1251	
1177	1107	1612	1318	
1178	989	1623	1273	
1179	1008	1612	1251	
1180	1078	1572	1340	
1181	1028	1633	1251	
1182	1028	1623	1307	
1183	1038	1572	1351	
1184	979	1633	1239	
1185	1087	1633	1318	
1186	1028	1603	1273	
1187	989	1612	1262	
1188	1078	1612	1318	
1189	998	1612	1296	
1190	1018	1603	1251	
1191	1087	1582	1329	
1192	989	1612	1228	
1193	1028	1623	1340	
1194	1038	1593	1307	
1195	1018	1612	1228	
1196	1078	1633	1362	
1197	969	1582	1262	
1198	1028	1603	1262	
1199	1048	1633	1374	
1200	979	1603	1206	
1201	1048	1593	1318	
1202	1038	1633	1318	
1203	1038	1603	1228	
1204	1058	1593	1351	
1205	989	1612	1273	
1206	1038	1623	1251	
1207	1028	1623	1374	
