Vernier Format 2
pfr_400_d_0025_rep.txt 7/28/118 13:56:54
Run 1
Time	Conductivity	Conductivity	Conductivity	
T	C	C	C	
s	µS/cm	µS/cm	µS/cm	

0	1226	279.3	1008	
1	1261	280.2	1040	
2	1287	279.4	1040	
3	1216	280.1	955	
4	1166	279.5	923	
5	1245	280.5	997	
6	1284	279.0	1029	
7	1261	280.1	1061	
8	1241	279.9	944	
9	1175	279.9	965	
10	1185	280.2	955	
11	1293	279.9	1082	
12	1282	279.3	1018	
13	1220	279.7	1018	
14	1210	280.3	913	
15	1180	279.4	965	
16	1251	280.4	1040	
17	1314	279.4	1050	
18	1223	280.0	1018	
19	1185	280.1	923	
20	1211	280.3	997	
21	1233	279.3	997	
22	1295	279.7	1072	
23	1267	279.3	987	
24	1174	279.7	965	
25	1206	280.3	933	
26	1218	278.9	1008	
27	1271	279.9	1072	
28	1294	279.1	987	
29	1174	279.4	965	
30	1194	280.2	923	
31	1271	279.1	1029	
32	1267	279.5	1040	
33	1283	279.3	1008	
34	1211	279.5	976	
35	1170	279.6	913	
36	1247	279.7	997	
37	1264	279.0	1018	
38	1294	279.7	1072	
39	1257	279.3	976	
40	1164	279.7	976	
41	1198	280.2	955	
42	1226	278.9	1008	
43	1271	279.9	1061	
44	1303	279.0	1040	
45	1217	279.7	1008	
46	1194	279.7	901	
47	1209	279.7	965	
48	1217	279.4	965	
49	1305	279.5	1082	
50	1276	279.0	1018	
51	1214	279.4	976	
52	1200	279.9	923	
53	1170	279.3	965	
54	1242	280.4	1018	
55	1302	278.9	1040	
56	1258	279.7	1029	
57	1236	279.6	923	
58	1184	279.6	955	
59	1176	279.8	933	
60	1281	279.4	1072	
61	1275	279.1	1040	
62	1261	279.5	1040	
63	1217	279.7	944	
64	1166	279.4	933	
65	1226	280.4	997	
66	1273	278.8	1029	
67	1269	279.7	1072	
68	1273	279.3	965	
69	1175	279.7	955	
70	1184	280.1	933	
71	1242	279.4	1040	
72	1261	279.4	1050	
73	1300	279.4	1040	
74	1228	279.7	965	
75	1160	279.5	923	
76	1217	280.1	976	
77	1249	278.9	1029	
78	1295	279.7	1072	
79	1270	279.1	965	
80	1168	279.7	965	
81	1203	280.1	923	
82	1231	278.8	1008	
83	1275	279.8	1061	
84	1294	279.1	997	
85	1194	279.7	997	
86	1185	279.7	901	
87	1222	279.5	1008	
88	1244	279.4	1018	
89	1308	279.3	1072	
90	1241	279.4	997	
91	1174	279.4	933	
92	1214	279.9	987	
93	1223	279.0	997	
94	1296	279.7	1092	
95	1279	279.0	997	
96	1184	279.4	965	
97	1198	280.2	913	
98	1231	279.0	997	
99	1273	279.7	1061	
100	1294	279.2	997	
101	1185	279.6	955	
102	1181	279.9	923	
103	1239	279.4	1040	
104	1261	279.4	1061	
105	1294	279.3	1018	
106	1204	279.6	955	
107	1163	279.7	901	
108	1255	279.7	1040	
109	1273	279.0	1040	
110	1267	279.6	1040	
111	1216	279.7	944	
112	1161	279.4	933	
113	1246	280.2	1008	
114	1290	278.7	1018	
115	1248	279.7	1040	
116	1221	279.7	913	
117	1174	279.3	965	
118	1227	279.9	997	
119	1308	278.9	1040	
120	1241	279.7	1018	
121	1197	279.8	913	
122	1203	279.7	965	
123	1222	279.4	997	
124	1305	279.3	1082	
125	1247	279.4	997	
126	1166	279.5	923	
127	1221	279.9	976	
128	1260	279.0	1018	
129	1276	279.5	1061	
130	1231	279.5	923	
131	1160	279.4	955	
132	1241	280.1	1008	
133	1302	278.8	1018	
134	1238	279.5	1029	
135	1197	279.9	913	
136	1204	279.1	997	
137	1258	279.9	1040	
138	1296	279.1	1008	
139	1193	279.6	955	
140	1179	279.7	913	
141	1269	279.4	1050	
142	1264	279.3	1040	
143	1258	279.3	997	
144	1188	279.7	987	
145	1192	279.1	987	
146	1300	279.5	1092	
147	1270	279.0	1018	
148	1161	279.4	997	
149	1214	280.1	1050	
150	1265	278.4	1135	
151	1254	279.4	1209	
152	1199	279.7	1092	
153	1167	279.0	1199	
154	1259	279.6	1336	
155	1281	278.5	1336	
156	1135	279.1	1379	
157	1169	279.5	1474	
158	1295	278.2	1644	
159	1190	279.0	1591	
160	1131	279.1	1527	
161	1248	278.6	1771	
162	1245	278.9	1771	
163	1131	278.8	1644	
164	1193	278.8	1814	
165	1253	278.4	1814	
166	1147	278.7	1676	
167	1173	279.1	1771	
168	1254	278.3	1814	
169	1185	278.7	1697	
170	1155	279.4	1708	
171	1246	278.1	1728	
172	1215	278.8	1686	
173	1156	279.6	1559	
174	1226	278.3	1623	
175	1242	279.0	1612	
176	1166	279.6	1410	
177	1194	278.3	1496	
178	1261	279.3	1517	
179	1180	279.4	1315	
180	1178	278.6	1368	
181	1264	279.4	1432	
182	1218	279.0	1273	
183	1159	279.0	1305	
184	1251	279.6	1347	
185	1246	279.1	1209	
186	1162	279.0	1188	
187	1242	279.5	1251	
188	1277	278.9	1188	
189	1166	279.4	1135	
190	1206	279.2	1167	
191	1291	279.2	1220	
192	1198	279.6	1072	
193	1164	279.2	1072	
194	1295	279.5	1209	
195	1252	279.3	1050	
196	1147	279.2	1029	
197	1281	279.7	1167	
198	1270	279.0	1050	
199	1159	279.1	997	
200	1275	279.9	1135	
201	1265	279.1	1040	
202	1159	279.3	1018	
203	1270	279.7	1135	
204	1270	279.3	1029	
205	1167	279.2	997	
206	1266	279.7	1103	
207	1266	279.3	1018	
208	1174	279.4	1018	
209	1253	279.5	1072	
210	1266	279.3	1040	
211	1187	279.7	976	
212	1246	279.3	1040	
213	1275	279.2	1040	
214	1187	279.7	997	
215	1244	279.3	1018	
216	1272	279.4	1050	
217	1196	279.8	987	
218	1239	278.9	1040	
219	1264	279.5	1082	
220	1199	279.9	955	
221	1236	278.6	1008	
222	1261	279.5	1072	
223	1199	279.8	923	
224	1236	278.6	1008	
225	1265	279.7	1061	
226	1200	279.7	913	
227	1217	278.9	1018	
228	1266	279.5	1082	
229	1203	279.7	933	
230	1230	279.3	997	
231	1265	279.4	1040	
232	1204	279.4	933	
233	1222	279.4	1018	
234	1265	279.3	1018	
235	1208	279.6	944	
236	1227	279.7	997	
237	1273	279.1	1018	
238	1217	279.5	987	
239	1208	279.9	987	
240	1282	278.6	1018	
241	1217	279.7	1008	
242	1206	280.3	955	
243	1287	278.8	1018	
244	1193	279.5	987	
245	1208	280.3	965	
246	1299	278.8	1040	
247	1185	279.4	997	
248	1208	280.1	965	
249	1305	278.8	1050	
250	1187	279.7	987	
251	1194	279.7	965	
252	1315	279.0	1040	
253	1185	279.4	955	
254	1194	279.6	976	
255	1302	279.3	1050	
256	1193	279.5	955	
257	1212	279.3	965	
258	1289	279.3	1050	
259	1196	279.8	955	
260	1227	279.1	987	
261	1275	279.4	1050	
262	1198	279.7	955	
263	1254	278.8	1018	
264	1238	279.6	1029	
265	1206	280.1	913	
266	1275	278.7	1018	
267	1221	279.5	1029	
268	1199	280.2	944	
269	1296	278.7	1018	
270	1193	279.5	997	
