Vernier Format 2
pfr_800_d_0025_rep.txt 7/28/118 13:51:12
Run 1
Time	Conductivity	Conductivity	Conductivity	
T	C	C	C	
s	µS/cm	µS/cm	µS/cm	

0	1258	279.3	1018	
1	1156	279.7	933	
2	1260	280.4	1029	
3	1290	279.3	997	
4	1162	279.9	955	
5	1239	280.4	1008	
6	1299	279.4	1018	
7	1184	279.9	955	
8	1220	279.7	965	
9	1289	279.7	1050	
10	1205	280.3	923	
11	1214	279.3	976	
12	1273	279.7	1082	
13	1203	280.0	933	
14	1229	279.3	997	
15	1260	279.9	1082	
16	1205	280.1	901	
17	1234	279.7	1018	
18	1272	279.5	1050	
19	1187	279.7	933	
20	1231	280.1	1008	
21	1277	279.1	1008	
22	1186	279.7	987	
23	1221	280.5	965	
24	1299	279.1	1040	
25	1194	279.7	997	
26	1200	280.4	933	
27	1300	279.1	1072	
28	1218	279.8	976	
29	1179	280.2	913	
30	1294	279.7	1092	
31	1247	279.5	987	
32	1160	279.3	913	
33	1277	280.1	1061	
34	1279	279.3	965	
35	1156	279.7	955	
36	1247	280.6	1040	
37	1306	279.1	997	
38	1170	279.5	976	
39	1202	280.1	987	
40	1308	279.3	1040	
41	1199	279.8	965	
42	1179	279.5	933	
43	1308	279.6	1072	
44	1251	279.7	976	
45	1155	279.5	923	
46	1273	280.3	1040	
47	1287	279.3	987	
48	1167	279.7	965	
49	1212	280.6	976	
50	1305	279.0	1050	
51	1204	279.9	1008	
52	1180	280.1	913	
53	1295	279.5	1082	
54	1264	279.4	1018	
55	1167	279.7	913	
56	1229	280.2	997	
57	1279	279.0	1040	
58	1217	279.7	997	
59	1204	280.3	913	
60	1254	279.0	1018	
61	1255	280.1	1072	
62	1206	280.0	901	
63	1208	279.5	997	
64	1261	279.9	1018	
65	1267	279.5	997	
66	1197	280.1	965	
67	1208	279.5	955	
68	1295	279.7	1082	
69	1231	279.7	955	
70	1160	279.4	933	
71	1269	280.3	1072	
72	1290	279.3	1018	
73	1167	279.7	965	
74	1194	280.3	955	
75	1303	279.3	1072	
76	1246	279.7	1050	
77	1164	279.5	1018	
78	1229	279.7	1305	
79	1263	278.5	1559	
80	1161	278.9	1814	
81	1142	279.4	2100	
82	1254	277.6	2513	
83	1129	278.5	2641	
84	1131	279.3	2768	
85	1258	277.4	2831	
86	1080	278.4	2630	
87	1198	279.3	2619	
88	1218	278.3	2301	
89	1105	278.4	2100	
90	1242	279.5	2004	
91	1191	279.0	1623	
92	1160	278.8	1591	
93	1247	279.5	1559	
94	1170	279.6	1251	
95	1208	279.0	1305	
96	1249	279.7	1305	
97	1203	279.5	1092	
98	1194	279.6	1124	
99	1254	279.4	1135	
100	1249	279.5	1114	
101	1193	279.9	1029	
102	1220	279.3	1040	
103	1282	279.8	1114	
104	1218	279.7	955	
105	1173	279.3	1008	
106	1277	280.1	1092	
107	1281	279.4	997	
108	1166	279.6	965	
109	1216	280.1	1008	
110	1305	279.1	1061	
111	1198	279.7	1008	
112	1175	280.1	913	
113	1305	279.4	1082	
114	1244	279.6	1008	
115	1162	279.7	913	
116	1248	279.9	1008	
117	1284	279.0	1040	
118	1218	279.7	997	
119	1205	280.3	955	
120	1252	278.8	1008	
121	1267	279.7	1072	
122	1226	279.8	901	
123	1190	279.4	987	
124	1258	280.1	1018	
125	1285	279.4	1029	
126	1185	279.7	965	
127	1187	279.7	965	
128	1303	279.7	1072	
129	1253	279.4	997	
130	1162	279.5	923	
131	1242	280.2	1018	
132	1295	279.0	1018	
133	1212	279.8	987	
134	1199	280.2	901	
135	1259	279.2	1040	
136	1265	280.0	1050	
137	1229	279.7	923	
138	1192	279.7	965	
139	1240	279.6	997	
140	1294	279.6	1050	
141	1217	279.8	955	
142	1172	279.4	944	
143	1282	279.8	1082	
144	1290	279.3	997	
145	1170	279.7	965	
146	1200	280.3	933	
147	1291	279.1	1061	
148	1254	279.7	1040	
149	1198	280.1	901	
150	1216	279.7	997	
151	1255	279.4	1040	
152	1267	279.6	1040	
153	1196	280.1	965	
154	1212	279.1	997	
155	1290	279.7	1092	
156	1247	279.5	965	
157	1163	279.5	923	
158	1254	280.4	1008	
159	1305	279.0	1040	
160	1210	279.6	1008	
161	1187	280.1	891	
162	1255	279.3	1008	
163	1265	279.5	1029	
164	1231	279.7	955	
165	1193	280.1	965	
166	1216	279.2	1008	
167	1291	279.6	1082	
168	1233	279.7	955	
169	1164	279.4	944	
