Vernier Format 2
pfr.fl400.d0375.txt 7/28/118 12:54:11
Run 1
Time	Conductivity	Conductivity	Conductivity	
T	C	C	C	
s	µS/cm	µS/cm	µS/cm	

0	1241	279.0	1061	
1	1221	278.8	1008	
2	1192	278.9	965	
3	1184	279.3	923	
4	1208	279.5	976	
5	1229	279.4	1008	
6	1257	279.3	1050	
7	1245	279.0	1040	
8	1223	278.8	976	
9	1185	279.0	944	
10	1190	279.3	933	
11	1220	279.4	987	
12	1267	279.3	1040	
13	1255	279.0	1040	
14	1211	278.9	1008	
15	1168	278.8	965	
16	1176	278.8	944	
17	1220	278.8	997	
18	1283	278.8	1050	
19	1278	278.8	1072	
20	1217	278.8	987	
21	1151	278.8	913	
22	1155	278.4	913	
23	1235	278.0	997	
24	1277	278.1	1008	
25	1246	278.8	933	
26	1187	279.3	901	
27	1197	279.5	933	
28	1247	279.3	1018	
29	1238	279.0	1018	
30	1167	278.8	955	
31	1156	278.8	944	
32	1222	278.4	987	
33	1290	278.2	1040	
34	1253	278.6	987	
35	1178	279.2	891	
36	1187	279.4	955	
37	1257	279.1	1040	
38	1229	279.0	997	
39	1151	278.9	923	
40	1180	278.4	955	
41	1281	278.0	1008	
42	1270	278.4	965	
43	1191	279.3	891	
44	1217	279.3	965	
45	1283	279.0	1072	
46	1217	278.8	987	
47	1142	278.8	923	
48	1208	278.6	987	
49	1246	278.7	1018	
50	1166	278.9	955	
51	1187	278.8	965	
52	1282	278.0	1040	
53	1238	278.8	944	
54	1185	279.3	933	
55	1265	279.0	1061	
56	1252	278.8	1008	
57	1160	279.0	891	
58	1208	279.0	965	
59	1238	279.1	1040	
60	1155	278.9	923	
61	1190	278.1	965	
62	1261	278.3	997	
63	1180	279.0	944	
64	1218	278.4	997	
65	1284	278.2	1018	
66	1193	279.1	901	
67	1222	279.1	976	
68	1281	278.8	1040	
69	1185	279.0	891	
70	1211	279.3	965	
71	1245	278.9	1040	
72	1147	278.6	923	
73	1218	278.7	997	
74	1228	278.8	1008	
75	1143	278.7	933	
76	1244	278.1	997	
77	1214	278.8	987	
78	1178	278.7	965	
79	1284	278.1	1008	
80	1200	279.0	923	
81	1227	278.8	997	
82	1279	278.4	997	
83	1190	279.3	901	
84	1283	278.8	1072	
85	1221	278.8	933	
86	1194	279.3	933	
87	1276	278.8	1072	
88	1159	278.8	913	
89	1245	279.3	1018	
90	1193	278.8	965	
91	1182	278.8	955	
92	1236	278.8	1040	
93	1142	278.6	913	
94	1248	278.8	1029	
95	1153	278.8	955	
96	1217	278.3	997	
97	1217	278.8	987	
98	1166	278.3	965	
99	1252	278.5	1008	
100	1154	278.5	944	
101	1265	278.2	997	
102	1161	278.8	955	
103	1259	278.0	1008	
104	1185	279.0	944	
105	1251	278.1	1008	
106	1214	278.8	933	
107	1241	278.3	997	
108	1231	278.7	955	
109	1222	278.6	1008	
110	1252	278.6	955	
111	1204	278.8	1008	
112	1265	278.3	987	
113	1203	279.0	965	
114	1273	278.4	987	
115	1198	279.0	987	
116	1270	278.3	987	
117	1194	279.1	965	
118	1281	278.3	997	
119	1197	279.1	976	
120	1270	278.3	965	
121	1200	279.2	987	
122	1270	278.3	965	
123	1218	278.8	997	
124	1255	278.4	955	
125	1216	278.8	1008	
126	1251	278.5	933	
127	1227	278.6	1018	
128	1240	278.8	923	
129	1238	278.3	997	
130	1209	278.8	944	
131	1260	278.3	1018	
132	1191	278.9	944	
133	1271	278.0	1008	
134	1167	278.8	923	
135	1264	278.0	1018	
136	1166	278.7	933	
137	1252	278.3	997	
138	1170	278.4	965	
139	1226	278.8	997	
140	1190	278.2	965	
141	1181	278.8	987	
142	1226	278.4	997	
143	1149	278.8	923	
144	1252	279.1	1050	
145	1151	278.8	913	
146	1241	278.8	1072	
147	1191	279.2	997	
148	1210	278.8	997	
149	1255	279.1	1092	
150	1170	279.1	944	
151	1279	278.5	1114	
152	1194	279.3	1082	
153	1227	278.6	1072	
154	1267	278.3	1220	
155	1170	279.1	1135	
156	1270	278.0	1209	
157	1193	278.3	1220	
158	1174	278.8	1209	
159	1251	277.7	1305	
160	1137	278.1	1231	
161	1197	278.6	1305	
162	1222	278.3	1336	
163	1119	278.2	1220	
164	1230	278.5	1379	
165	1193	278.8	1336	
166	1148	278.6	1283	
167	1271	278.1	1496	
168	1200	278.9	1410	
169	1160	278.8	1336	
170	1270	277.7	1432	
171	1205	278.0	1421	
172	1139	278.7	1336	
173	1242	277.8	1379	
174	1184	277.8	1336	
175	1114	278.4	1305	
176	1224	278.6	1421	
177	1222	278.8	1368	
178	1137	279.0	1209	
179	1234	278.1	1305	
180	1271	278.3	1379	
181	1173	278.8	1251	
182	1197	278.4	1251	
183	1254	277.7	1294	
184	1163	277.9	1209	
185	1137	278.7	1167	
186	1234	278.8	1273	
187	1212	279.0	1199	
188	1155	279.0	1061	
189	1253	278.2	1167	
190	1270	278.2	1241	
191	1168	278.8	1114	
192	1190	278.6	1135	
193	1242	278.3	1146	
194	1170	278.6	1082	
195	1149	278.4	1050	
196	1261	278.7	1167	
197	1255	278.8	1156	
198	1178	279.3	1040	
199	1228	278.4	1072	
200	1252	278.0	1103	
201	1179	278.2	1029	
202	1148	278.5	1008	
203	1242	278.8	1124	
204	1259	279.2	1103	
205	1190	279.3	1008	
206	1216	278.7	997	
207	1263	278.0	1082	
208	1172	278.2	997	
209	1160	278.8	997	
210	1263	278.8	1092	
211	1233	279.2	1072	
212	1190	279.1	955	
213	1241	278.5	1008	
214	1249	278.2	1040	
215	1157	278.4	955	
216	1164	278.8	923	
217	1266	278.6	1050	
218	1263	278.7	1050	
219	1178	279.0	965	
220	1193	278.8	987	
221	1251	278.8	1050	
222	1199	279.0	997	
223	1180	279.0	913	
224	1261	278.4	987	
225	1273	278.0	1040	
226	1162	278.3	933	
227	1160	278.8	955	
228	1260	278.8	1050	
229	1275	278.7	1050	
230	1188	278.8	965	
231	1175	278.8	976	
232	1245	279.0	1050	
233	1227	279.3	1018	
234	1185	279.3	913	
235	1239	278.6	965	
236	1251	278.1	1040	
237	1178	278.8	944	
238	1176	279.0	901	
239	1264	278.3	997	
240	1270	277.9	1029	
241	1160	278.3	933	
242	1164	278.6	913	
243	1271	278.4	1008	
244	1282	278.2	1040	
245	1175	278.4	965	
246	1151	278.7	955	
247	1264	278.7	1040	
248	1276	278.6	1061	
249	1180	278.6	965	
250	1162	278.7	965	
251	1258	278.8	1050	
252	1265	278.8	1061	
253	1179	279.0	976	
254	1184	278.7	965	
255	1251	279.0	1050	
256	1257	279.0	1040	
257	1185	279.0	965	
258	1178	278.8	987	
259	1246	278.9	1040	
260	1267	278.8	1040	
261	1194	278.8	955	
262	1172	278.8	965	
263	1252	278.9	1040	
264	1269	278.8	1050	
265	1180	278.5	965	
266	1156	278.8	965	
267	1257	278.8	1050	
268	1276	278.2	1072	
269	1174	278.4	955	
270	1151	278.7	913	
271	1264	278.4	997	
272	1275	278.0	1018	
273	1184	278.3	965	
274	1172	279.1	881	
275	1239	278.5	955	
276	1261	278.0	1018	
277	1212	278.8	1008	
278	1188	279.3	923	
279	1215	278.8	965	
280	1242	278.7	1040	
281	1248	279.3	1040	
282	1194	279.3	976	
283	1172	278.8	965	
284	1239	278.8	1040	
285	1281	278.5	1072	
286	1196	278.3	997	
287	1147	278.5	923	
288	1238	278.5	955	
289	1284	278.1	1008	
290	1222	278.3	1008	
291	1185	279.4	913	
				
