Vernier Format 2
pfr_fl400_D00250.txt 7/28/118 13:22:28
Run 1
Time	Conductivity	Conductivity	Conductivity	
T	C	C	C	
s	µS/cm	µS/cm	µS/cm	

0	1258	280.7	1029	
1	1246	280.6	1040	
2	1254	280.1	1008	
3	1266	279.7	1008	
4	1270	280.0	1040	
5	1289	280.3	1050	
6	1275	280.9	1040	
7	1270	281.1	1040	
8	1253	281.3	1040	
9	1226	281.2	987	
10	1204	280.8	976	
11	1197	280.4	976	
12	1193	279.8	955	
13	1196	280.2	987	
14	1211	280.6	997	
15	1206	280.9	965	
16	1215	281.3	955	
17	1198	281.2	933	
18	1191	281.3	901	
19	1170	281.1	913	
20	1159	280.7	923	
21	1159	280.5	923	
22	1168	280.6	933	
23	1175	280.6	965	
24	1186	280.7	955	
25	1206	281.1	923	
26	1224	280.8	933	
27	1236	280.6	913	
28	1231	280.8	933	
29	1227	280.6	965	
30	1226	280.6	987	
31	1230	280.7	1029	
32	1234	280.6	1018	
33	1245	280.6	997	
34	1261	280.2	1008	
35	1276	279.9	1008	
36	1303	280.1	1008	
37	1297	280.4	1050	
38	1299	280.6	1050	
39	1293	280.9	1082	
40	1269	281.1	1072	
41	1258	281.0	1040	
42	1258	280.6	1018	
43	1258	279.9	997	
44	1251	279.7	1008	
45	1259	279.9	1018	
46	1265	280.3	1050	
47	1272	280.6	1040	
48	1264	281.0	1029	
49	1231	281.3	1008	
50	1216	281.3	933	
51	1193	281.0	933	
52	1174	280.6	913	
53	1163	280.4	955	
54	1174	280.3	955	
55	1185	280.6	944	
56	1197	280.7	944	
57	1206	281.1	923	
58	1208	281.1	913	
59	1200	281.1	901	
60	1193	281.0	891	
61	1180	280.6	923	
62	1180	280.7	955	
63	1180	280.8	976	
64	1194	280.7	976	
65	1210	280.7	987	
66	1223	280.7	997	
67	1255	280.6	965	
68	1266	280.4	987	
69	1289	280.3	997	
70	1289	280.3	1018	
71	1285	280.4	1040	
72	1275	280.7	1050	
73	1270	280.8	1040	
74	1261	280.9	1040	
75	1266	280.6	1029	
76	1261	280.3	1040	
77	1271	279.9	1018	
78	1296	279.8	1018	
79	1299	279.9	1040	
80	1299	280.0	1050	
81	1307	280.3	1061	
82	1300	280.7	1072	
83	1285	280.9	1061	
84	1266	281.1	1050	
85	1265	280.7	1029	
86	1265	280.3	1008	
87	1271	279.7	1008	
88	1278	279.7	1040	
89	1290	279.8	1050	
90	1299	280.3	1050	
91	1285	280.6	1050	
92	1277	281.1	1050	
93	1261	281.2	1072	
94	1251	281.1	1029	
95	1257	280.6	1008	
96	1257	280.1	1008	
97	1266	279.7	1018	
98	1270	279.8	1029	
99	1291	280.1	1050	
100	1296	280.3	1072	
101	1293	280.6	1082	
102	1276	280.9	1072	
103	1267	281.2	1072	
104	1255	280.8	1040	
105	1239	280.6	997	
106	1247	280.3	1018	
107	1254	279.7	1018	
108	1273	280.1	1029	
109	1281	280.4	1029	
110	1287	280.6	1050	
111	1277	281.0	1050	
112	1271	281.1	1040	
113	1255	280.8	1018	
114	1244	280.6	1018	
115	1241	280.1	1018	
116	1252	279.7	1008	
117	1281	279.8	1029	
118	1296	280.1	1040	
119	1305	280.6	1050	
120	1294	280.8	1082	
121	1271	281.2	1072	
122	1254	281.1	1040	
123	1248	280.6	1040	
124	1258	279.9	1018	
125	1269	279.7	1018	
126	1293	279.8	1040	
127	1300	280.1	1061	
128	1300	280.4	1072	
129	1290	280.8	1050	
130	1275	280.7	1040	
131	1265	280.9	1029	
132	1270	280.5	1029	
133	1278	279.8	997	
134	1290	279.9	976	
135	1293	280.3	997	
136	1287	280.2	997	
137	1276	280.6	1018	
138	1248	280.7	1018	
139	1230	280.7	1040	
140	1231	280.6	1029	
141	1242	280.4	997	
142	1257	280.3	987	
143	1261	280.3	976	
144	1252	280.4	997	
145	1235	280.6	1040	
146	1205	280.6	1072	
147	1187	280.6	1114	
148	1178	280.4	1135	
149	1185	280.6	1177	
150	1191	280.6	1231	
151	1174	280.7	1262	
152	1142	280.6	1336	
153	1124	280.0	1390	
154	1130	279.4	1517	
155	1162	279.0	1623	
156	1211	279.3	1782	
157	1261	279.3	1898	
158	1270	279.7	2015	
159	1242	279.7	2036	
160	1206	279.7	2089	
161	1170	280.1	2015	
162	1142	279.7	2026	
163	1125	280.4	2015	
164	1136	280.4	2015	
165	1155	280.4	2036	
166	1204	279.6	2100	
167	1230	279.3	2057	
168	1244	279.0	1994	
169	1223	279.3	1909	
170	1155	279.9	1803	
171	1127	279.9	1718	
172	1123	279.7	1718	
173	1164	279.3	1686	
174	1242	278.9	1728	
175	1272	279.3	1718	
176	1266	279.3	1676	
177	1236	279.9	1580	
178	1172	280.3	1517	
179	1137	280.2	1442	
180	1141	280.3	1410	
181	1173	280.6	1368	
182	1188	280.7	1336	
183	1209	281.0	1336	
184	1218	280.8	1336	
185	1227	280.3	1326	
186	1257	279.7	1283	
187	1275	279.7	1273	
188	1288	279.9	1241	
189	1255	280.1	1177	
190	1215	280.3	1167	
191	1170	280.6	1156	
192	1166	280.6	1135	
193	1175	280.7	1092	
194	1190	281.0	1092	
195	1197	281.1	1040	
196	1187	281.0	1040	
197	1187	280.4	1040	
198	1200	279.9	1050	
199	1248	279.7	1092	
200	1289	280.1	1135	
201	1302	280.4	1135	
202	1275	280.6	1135	
203	1252	280.6	1092	
204	1247	280.3	1092	
205	1255	280.3	1040	
206	1258	280.4	987	
207	1227	280.4	965	
208	1184	280.6	976	
209	1169	280.4	997	
210	1181	280.6	997	
211	1194	280.7	987	
212	1199	281.0	944	
213	1185	281.1	923	
214	1174	280.4	955	
215	1185	279.7	987	
216	1218	280.1	997	
217	1239	280.6	1040	
218	1244	281.0	1050	
219	1242	281.1	1040	
220	1240	280.6	1040	
221	1248	279.7	1040	
222	1278	279.7	1050	
223	1303	280.1	1082	
224	1287	280.7	1082	
225	1271	281.0	1050	
226	1264	280.6	1040	
227	1270	280.0	1029	
228	1293	279.7	1029	
229	1305	279.8	1040	
230	1275	280.6	1040	
231	1251	280.6	1050	
232	1242	280.6	1050	
233	1261	280.1	997	
234	1281	280.2	987	
235	1266	280.3	976	
236	1236	280.6	997	
237	1214	280.6	1008	
238	1217	280.6	987	
239	1227	280.5	955	
240	1239	280.6	913	
241	1214	280.6	923	
242	1188	280.6	955	
243	1170	280.6	965	
244	1202	280.6	944	
245	1211	280.6	923	
246	1205	280.8	901	
247	1172	280.4	913	
248	1156	280.6	955	
249	1179	280.6	965	
250	1202	280.8	955	
251	1205	281.1	913	
252	1172	280.9	901	
253	1159	280.3	923	
254	1170	280.5	933	
255	1198	280.6	955	
256	1198	281.2	923	
257	1194	281.1	913	
258	1170	280.5	923	
259	1172	280.4	923	
260	1193	280.5	955	
261	1200	281.0	965	
262	1198	281.1	933	
263	1169	280.7	923	
264	1166	280.1	923	
265	1186	280.3	965	
266	1206	280.8	987	
267	1209	281.1	955	
268	1192	280.9	913	
269	1175	280.1	933	
270	1185	279.9	987	
271	1212	280.7	965	
272	1218	281.2	955	
273	1191	281.0	933	
274	1172	280.3	933	
275	1181	279.9	955	
276	1212	280.6	965	
277	1214	281.1	965	
278	1198	281.1	913	
279	1178	280.6	901	
280	1179	279.9	944	
281	1187	280.4	965	
282	1214	281.1	965	
283	1204	281.2	923	
284	1168	280.7	913	
285	1162	280.2	923	
286	1188	280.3	965	
287	1208	280.8	944	
288	1202	281.2	944	
289	1178	280.8	923	
290	1166	280.2	933	
291	1188	280.3	933	
292	1202	280.8	955	
293	1200	281.1	933	
294	1179	280.6	923	
295	1159	280.1	933	
296	1170	280.4	955	
297	1200	281.0	944	
298	1204	281.1	913	
299	1184	280.8	913	
300	1162	280.2	933	
301	1168	280.4	933	
302	1196	280.7	944	
303	1208	281.1	891	
304	1181	280.7	901	
305	1155	280.5	913	
306	1174	280.6	955	
307	1205	280.7	923	
308	1206	280.6	901	
309	1185	280.6	901	
310	1179	280.6	933	
311	1191	280.6	965	
312	1216	280.8	923	
313	1229	280.6	923	
314	1216	280.5	955	
315	1198	280.6	976	
316	1204	280.6	976	
317	1247	280.6	955	
318	1261	280.2	933	
319	1240	280.6	997	
320	1233	280.6	1029	
321	1248	280.4	1008	
322	1284	279.8	997	
323	1297	280.1	997	
324	1281	280.6	1040	
325	1253	280.6	1072	
326	1264	280.1	1029	
327	1299	279.7	1008	
328	1309	279.8	1040	
329	1283	280.6	1082	
330	1258	280.7	1061	
331	1260	280.1	1029	
332	1284	279.7	1040	
333	1290	280.4	1061	
334	1267	281.1	1040	
335	1247	280.5	997	
336	1240	279.7	1008	
337	1261	279.9	1040	
338	1261	280.7	1050	
339	1240	281.1	997	
340	1190	280.4	955	
341	1198	279.7	965	
342	1233	280.2	1008	
343	1240	280.7	987	
344	1198	281.2	933	
345	1174	280.5	933	
346	1178	280.1	965	
347	1204	280.6	965	
348	1208	281.1	913	
349	1192	280.7	901	
350	1164	280.6	913	
