Vernier Format 2
pfr_1200_0375.txt 7/28/118 13:11:58
Run 1
Time	Conductivity	Conductivity	Conductivity	
T	C	C	C	
s	µS/cm	µS/cm	µS/cm	

0	1218	281.1	1018	
1	1271	281.9	1072	
2	1281	280.8	1008	
3	1233	281.5	976	
4	1184	281.5	965	
5	1227	282.0	987	
6	1259	280.7	1018	
7	1295	281.2	1040	
8	1204	281.3	1008	
9	1212	281.9	955	
10	1204	280.8	987	
11	1293	281.6	1092	
12	1248	281.3	1029	
13	1234	281.5	933	
14	1173	281.3	987	
15	1261	281.7	1040	
16	1261	281.3	1040	
17	1289	281.2	1018	
18	1178	281.4	997	
19	1227	281.7	1008	
20	1247	281.1	1029	
21	1303	281.1	1082	
22	1242	281.4	1050	
23	1205	281.6	976	
24	1199	282.0	955	
25	1238	280.7	1018	
26	1312	281.1	1050	
27	1214	281.5	1018	
28	1198	281.9	976	
29	1193	281.6	965	
30	1283	280.6	1072	
31	1266	281.5	1092	
32	1229	281.5	987	
33	1191	281.7	923	
34	1199	280.8	987	
35	1300	281.1	1082	
36	1266	281.5	1082	
37	1216	281.3	965	
38	1210	282.0	923	
39	1202	281.1	987	
40	1299	281.3	1092	
41	1255	281.6	1040	
42	1228	281.5	955	
43	1175	281.7	933	
44	1209	281.0	1008	
45	1293	281.5	1082	
46	1270	280.9	1040	
47	1214	281.5	944	
48	1169	281.1	933	
49	1257	281.1	1029	
50	1289	281.7	1072	
51	1265	281.1	997	
52	1198	281.6	923	
53	1179	281.1	997	
54	1255	281.6	1029	
55	1259	281.4	1050	
56	1267	281.1	987	
57	1185	281.3	933	
58	1170	280.8	955	
59	1270	281.3	1050	
60	1266	281.5	1092	
61	1247	281.3	1008	
62	1205	281.6	933	
63	1172	281.3	944	
64	1270	280.7	1008	
65	1295	281.3	1061	
66	1217	281.4	1008	
67	1204	281.7	955	
68	1184	281.5	955	
69	1260	280.6	1018	
70	1288	281.3	1050	
71	1197	281.4	997	
72	1185	281.5	987	
73	1233	282.0	1008	
74	1270	280.7	1018	
75	1294	280.9	997	
76	1187	281.2	955	
77	1204	281.7	965	
78	1234	281.6	1018	
79	1275	280.6	1040	
80	1241	281.4	955	
81	1160	281.1	923	
82	1235	281.2	1018	
83	1285	281.6	1082	
84	1241	281.5	1008	
85	1212	281.7	933	
86	1188	281.9	944	
87	1249	280.7	1008	
88	1302	280.9	1040	
89	1194	281.3	997	
90	1184	281.3	997	
91	1248	281.7	1050	
92	1265	281.1	1072	
93	1267	280.8	1029	
94	1179	281.5	965	
95	1194	280.7	997	
96	1306	281.0	1092	
97	1251	281.5	1082	
98	1180	281.3	1008	
99	1221	281.9	987	
100	1248	281.2	1146	
101	1295	281.1	626	
102	1172	280.7	1739	
103	1103	279.7	2227	
104	1248	278.8	2693	
105	1153	279.4	2937	
106	1084	278.8	3054	
107	1246	278.8	3064	
108	1086	279.7	2746	
109	1194	279.3	2725	
110	1204	279.7	2375	
111	1113	280.6	2026	
112	1231	280.0	1973	
113	1193	280.8	1676	
114	1149	280.7	1569	
115	1263	280.0	1538	
116	1193	280.8	1305	
117	1155	280.6	1241	
118	1289	280.3	1305	
119	1206	281.1	1156	
120	1172	280.7	1124	
121	1302	280.7	1167	
122	1223	281.2	1114	
123	1174	281.2	1018	
124	1279	281.4	1135	
125	1257	281.3	1082	
126	1198	281.4	976	
127	1236	281.8	1018	
128	1261	281.6	1092	
129	1224	281.5	987	
130	1194	282.0	955	
131	1248	280.8	1029	
132	1281	281.0	997	
133	1173	281.3	944	
134	1239	281.2	1040	
135	1276	281.5	1092	
136	1204	281.3	997	
137	1208	282.0	955	
138	1248	281.1	1018	
139	1283	280.9	997	
140	1161	281.3	965	
141	1254	281.4	1040	
142	1270	281.5	1082	
143	1212	281.4	955	
144	1187	281.7	913	
145	1247	280.7	1040	
146	1290	281.1	987	
147	1166	281.2	933	
148	1233	281.1	1029	
149	1287	281.6	1072	
150	1209	281.3	997	
151	1202	281.9	965	
152	1244	281.5	1008	
153	1289	280.7	1008	
154	1209	281.3	933	
155	1182	281.0	965	
156	1301	280.6	1050	
157	1253	281.2	1018	
158	1162	281.2	965	
159	1260	281.3	1018	
160	1270	281.6	1072	
161	1221	281.3	997	
162	1208	281.7	955	
163	1244	280.8	1018	
164	1299	280.8	1018	
165	1180	281.2	933	
166	1216	281.1	976	
167	1301	281.4	1092	
168	1240	281.4	1040	
169	1194	281.6	965	
170	1226	281.9	1008	
171	1258	281.2	1040	
172	1245	281.3	965	
173	1197	281.6	933	
174	1236	280.8	987	
175	1305	280.6	1040	
176	1198	281.3	976	
177	1185	281.1	987	
178	1287	281.5	1072	
179	1255	281.3	1040	
180	1217	281.6	933	
181	1181	281.6	933	
182	1266	280.6	1008	
183	1291	281.1	1008	
184	1162	281.4	944	
185	1236	281.2	1008	
186	1289	281.5	1072	
187	1229	281.3	1018	
188	1203	281.6	965	
189	1228	281.9	997	
190	1270	281.0	1040	
191	1259	281.1	976	
192	1175	281.3	933	
193	1228	280.7	1018	
194	1306	281.1	1082	
195	1231	281.3	1018	
196	1194	281.5	965	
197	1233	281.9	997	
198	1257	281.0	1050	
199	1272	281.1	987	
200	1190	281.7	913	
201	1187	280.5	987	
202	1306	280.9	1072	
203	1263	281.3	1050	
204	1174	281.5	987	
205	1218	281.6	965	
206	1253	281.6	1029	
207	1267	280.7	1018	
208	1240	281.3	955	
209	1169	281.3	923	
210	1238	280.8	1008	
211	1299	281.2	1082	
212	1238	281.3	1018	
213	1203	281.5	976	
214	1210	281.8	965	
215	1244	281.3	1008	
216	1283	280.6	1018	
217	1241	281.2	944	
218	1169	281.1	913	
219	1206	280.6	987	
220	1307	281.0	1072	
221	1253	281.5	1072	
222	1226	281.5	933	
223	1186	281.7	913	
224	1203	280.7	997	
225	1302	281.1	1082	
226	1245	281.3	1040	
227	1216	281.4	944	
228	1178	281.6	923	
229	1215	280.7	997	
230	1306	280.9	1061	
231	1263	281.3	1050	
232	1208	281.2	965	
233	1209	281.6	933	
234	1190	281.5	965	
235	1248	280.5	1040	
236	1302	280.6	1040	
237	1241	281.3	1018	
238	1192	281.2	987	
239	1209	281.9	965	
240	1205	281.4	965	
241	1272	280.4	1040	
242	1294	280.8	1050	
243	1218	281.2	997	
244	1178	281.1	965	
245	1217	281.8	965	
246	1229	281.7	1008	
247	1264	280.6	1029	
248	1305	280.8	1018	
249	1229	281.3	1018	
250	1193	281.3	955	
251	1210	281.9	955	
252	1206	281.5	955	
253	1246	280.6	1018	
254	1302	281.0	1082	
255	1254	281.3	1061	
256	1212	281.4	987	
257	1206	281.5	933	
258	1174	281.3	913	
259	1220	280.6	1008	
260	1300	281.1	1050	
261	1278	281.4	1092	
262	1245	281.2	1029	
263	1216	281.5	913	
264	1170	281.3	913	
265	1204	280.7	987	
266	1275	281.4	1072	
267	1265	281.6	1072	
268	1277	280.6	1018	
269	1275	280.8	987	
270	1184	281.3	997	
271	1180	281.4	965	
272	1199	281.7	955	
273	1199	280.8	987	
274	1281	280.7	1040	
275	1289	281.3	1072	
276	1255	281.3	1050	
277	1266	281.1	965	
278	1231	281.3	944	
279	1169	281.2	965	
280	1214	281.8	965	
281	1193	281.3	955	
282	1253	280.5	1008	
283	1291	281.4	1092	
284	1258	281.1	1040	
285	1270	280.8	997	
286	1233	281.1	933	
287	1169	281.2	955	
288	1191	281.4	976	
289	1208	281.9	965	
290	1188	280.9	955	
291	1258	280.8	1029	
292	1291	281.5	1061	
293	1265	281.2	1050	
