Vernier Format 2
pfr_fl800_D0250.txt 7/28/118 13:29:7
Run 1
Time	Conductivity	Conductivity	Conductivity	
T	C	C	C	
s	µS/cm	µS/cm	µS/cm	

0	1296	279.7	1008	
1	1313	280.0	1029	
2	1300	280.6	1050	
3	1272	280.7	1040	
4	1260	280.3	997	
5	1270	279.4	997	
6	1277	279.8	1050	
7	1277	280.7	1029	
8	1241	281.1	1018	
9	1212	280.6	976	
10	1208	279.9	965	
11	1204	279.9	987	
12	1217	280.7	987	
13	1214	281.1	955	
14	1188	281.1	901	
15	1167	280.3	891	
16	1160	280.3	923	
17	1184	280.6	965	
18	1209	280.9	933	
19	1204	281.0	901	
20	1182	280.6	881	
21	1160	280.4	923	
22	1175	280.6	944	
23	1198	280.6	933	
24	1223	280.6	913	
25	1216	280.6	913	
26	1191	280.4	913	
27	1191	280.6	955	
28	1205	280.4	965	
29	1241	280.4	955	
30	1251	280.4	955	
31	1264	280.3	965	
32	1247	280.5	997	
33	1230	280.6	1018	
34	1248	280.4	997	
35	1271	279.9	976	
36	1285	279.8	1008	
37	1293	280.3	1040	
38	1275	280.6	1040	
39	1255	280.7	1029	
40	1261	280.1	997	
41	1285	279.9	1018	
42	1306	279.7	1029	
43	1290	280.3	1072	
44	1277	280.6	1061	
45	1266	280.6	1029	
46	1265	279.9	1008	
47	1289	279.7	1018	
48	1305	279.7	1040	
49	1293	280.4	1072	
50	1270	280.7	1040	
51	1269	280.6	1018	
52	1266	279.7	1008	
53	1288	279.6	1008	
54	1300	279.7	1040	
55	1296	280.3	1050	
56	1277	280.6	1061	
57	1263	280.6	1061	
58	1254	280.1	1018	
59	1283	279.9	987	
60	1295	279.8	1008	
61	1281	280.2	1018	
62	1251	280.5	1040	
63	1246	280.6	1029	
64	1239	280.6	1018	
65	1265	280.2	976	
66	1260	280.2	965	
67	1253	280.3	955	
68	1228	280.5	987	
69	1205	280.4	997	
70	1188	280.6	987	
71	1205	280.6	923	
72	1208	280.6	923	
73	1192	280.9	891	
74	1175	280.7	901	
75	1166	280.1	913	
76	1166	280.1	933	
77	1187	280.6	955	
78	1214	280.8	944	
79	1206	281.0	933	
80	1200	281.1	913	
81	1193	280.3	944	
82	1198	279.7	1018	
83	1226	279.4	1156	
84	1245	279.7	1400	
85	1260	279.8	1676	
86	1258	280.0	1930	
87	1238	279.8	2121	
88	1214	279.1	2344	
89	1191	279.0	2386	
90	1129	279.3	2322	
91	1107	279.7	2259	
92	1136	279.5	2142	
93	1196	278.9	2057	
94	1251	278.8	1887	
95	1260	279.1	1686	
96	1233	279.4	1549	
97	1169	279.7	1390	
98	1141	279.9	1273	
99	1155	279.9	1209	
100	1194	279.9	1177	
101	1235	280.5	1188	
102	1270	280.7	1167	
103	1270	280.7	1156	
104	1261	280.3	1135	
105	1257	279.9	1082	
106	1272	279.7	1040	
107	1261	280.1	997	
108	1226	280.4	944	
109	1184	280.3	933	
110	1155	280.5	933	
111	1175	280.3	965	
112	1204	280.5	987	
113	1224	280.7	997	
114	1236	281.1	997	
115	1233	280.8	997	
116	1241	280.1	1018	
117	1266	279.4	1040	
118	1303	279.5	1040	
119	1305	279.9	1008	
120	1265	280.4	1008	
121	1231	280.4	1018	
122	1200	280.4	997	
123	1204	280.4	955	
124	1204	280.7	923	
125	1197	280.7	913	
126	1187	280.6	881	
127	1169	280.3	923	
128	1187	279.9	965	
129	1230	279.7	987	
130	1273	280.1	1018	
131	1289	280.5	1040	
132	1281	280.8	1040	
133	1258	280.6	1040	
134	1261	280.1	1008	
135	1266	279.9	997	
136	1270	280.1	965	
137	1229	280.5	944	
138	1193	280.3	923	
139	1161	280.4	933	
140	1175	280.3	944	
141	1199	280.6	976	
142	1218	280.9	965	
143	1223	281.1	965	
144	1216	280.6	987	
145	1244	280.1	987	
146	1266	279.5	997	
147	1294	279.7	1008	
148	1300	280.1	1029	
149	1281	280.6	1040	
150	1234	280.4	1008	
151	1196	280.4	987	
152	1188	280.6	955	
153	1199	280.8	933	
154	1206	281.1	944	
155	1212	280.9	923	
156	1227	280.3	965	
157	1254	279.7	997	
158	1291	279.7	997	
159	1305	279.7	997	
160	1275	280.2	1018	
161	1218	280.4	997	
162	1178	280.6	965	
163	1174	280.5	933	
164	1204	280.6	923	
165	1221	280.9	944	
166	1222	281.0	987	
167	1238	280.6	1018	
168	1270	279.9	1008	
169	1295	279.7	997	
170	1290	279.7	987	
171	1248	280.3	955	
172	1179	280.3	944	
173	1160	280.3	933	
174	1180	280.1	965	
175	1227	280.4	997	
176	1260	280.6	1018	
177	1277	280.8	1050	
178	1260	280.6	1040	
179	1255	280.1	1008	
180	1260	280.2	965	
181	1236	280.6	913	
182	1204	280.6	881	
183	1167	280.3	901	
184	1166	279.9	913	
185	1209	279.8	955	
186	1264	280.1	1008	
187	1285	280.6	1061	
188	1284	280.6	1072	
189	1264	280.6	1040	
190	1249	280.4	997	
191	1238	280.3	944	
192	1222	280.6	913	
193	1199	280.6	901	
194	1162	280.6	891	
195	1180	279.6	933	
196	1212	279.7	965	
197	1270	280.3	1040	
198	1299	280.3	1061	
199	1276	280.6	1050	
200	1254	280.6	1040	
201	1245	280.3	997	
202	1241	280.4	923	
203	1221	280.5	913	
204	1184	280.8	881	
205	1162	280.1	913	
206	1180	279.8	913	
207	1217	280.1	997	
208	1260	280.3	1018	
209	1282	280.6	1029	
210	1258	280.8	1050	
211	1261	280.4	1018	
212	1264	279.7	1008	
213	1282	279.9	965	
214	1251	280.4	933	
215	1210	280.4	923	
216	1162	280.3	901	
217	1163	280.3	933	
218	1210	280.1	987	
219	1239	280.6	987	
220	1255	281.0	1018	
221	1260	280.7	1040	
222	1267	280.4	997	
223	1267	279.7	997	
224	1289	279.9	965	
225	1251	280.1	965	
226	1198	280.4	933	
227	1184	280.4	923	
228	1160	280.5	955	
229	1200	280.3	965	
230	1217	281.0	987	
231	1241	281.1	987	
232	1251	280.6	1008	
233	1265	280.1	1008	
234	1279	279.4	1008	
235	1295	279.9	965	
236	1266	280.1	965	
237	1204	280.4	933	
238	1167	280.3	923	
239	1169	280.3	965	
240	1216	280.6	944	
241	1231	280.9	965	
242	1254	280.9	1018	
243	1260	280.5	1008	
244	1266	279.9	1008	
245	1291	279.7	987	
246	1282	280.1	965	
247	1235	280.1	944	
248	1187	280.5	944	
249	1159	280.4	923	
250	1188	280.5	965	
251	1228	280.6	965	
252	1248	281.0	987	
253	1252	280.7	1040	
254	1263	280.2	997	
255	1270	279.7	997	
256	1295	279.7	987	
257	1258	280.3	933	
258	1210	280.3	913	
259	1161	280.3	933	
260	1174	280.4	933	
261	1198	280.4	965	
262	1235	280.8	997	
263	1248	281.1	1008	
264	1257	280.5	1008	
265	1264	279.9	1008	
266	1279	279.7	965	
267	1270	280.1	955	
268	1218	280.3	901	
269	1168	280.2	901	
270	1172	280.1	955	
271	1206	280.3	965	
272	1245	280.6	997	
273	1265	281.0	1029	
