Vernier Format 2
pfr.txt 7/28/118 13:4:30
Run 1
Time	Conductivity	Conductivity	Conductivity	
T	C	C	C	
s	µS/cm	µS/cm	µS/cm	

0	1272	278.0	1018	
1	1277	278.8	1040	
2	1218	279.0	1018	
3	1222	278.8	965	
4	1184	279.2	923	
5	1160	278.8	976	
6	1200	279.3	997	
7	1194	279.1	965	
8	1226	278.2	1018	
9	1285	278.7	1092	
10	1260	279.0	1082	
11	1265	278.4	1008	
12	1257	278.6	987	
13	1175	279.0	976	
14	1196	279.2	933	
15	1191	279.4	923	
16	1175	278.4	965	
17	1247	278.8	1040	
18	1266	279.5	1050	
19	1258	278.6	1018	
20	1284	278.4	1050	
21	1228	278.8	1018	
22	1182	278.8	987	
23	1193	279.3	933	
24	1156	278.8	923	
25	1188	278.4	987	
26	1264	279.0	1061	
27	1254	279.0	1040	
28	1273	278.3	997	
29	1249	278.6	987	
30	1172	278.8	965	
31	1179	278.9	965	
32	1192	279.4	923	
33	1181	278.8	955	
34	1261	278.3	1018	
35	1278	278.9	1061	
36	1239	278.9	1050	
37	1239	278.6	965	
38	1193	279.0	933	
39	1147	278.8	944	
40	1202	279.0	987	
41	1229	279.4	997	
42	1241	278.4	1008	
43	1294	278.3	1029	
44	1238	278.8	1018	
45	1187	278.8	987	
46	1198	279.2	923	
47	1170	279.1	933	
48	1203	278.0	976	
49	1285	278.6	1061	
50	1255	279.0	1050	
51	1244	278.7	997	
52	1228	278.8	913	
53	1156	278.7	923	
54	1174	278.6	965	
55	1251	279.0	1040	
56	1258	279.2	1040	
57	1252	278.2	1018	
58	1257	278.4	965	
59	1168	278.9	955	
60	1166	278.6	965	
61	1212	279.2	987	
62	1240	279.3	1018	
63	1258	278.3	1029	
64	1273	278.4	997	
65	1199	278.8	965	
66	1155	278.8	944	
67	1211	279.3	987	
68	1221	279.1	1018	
69	1254	278.2	1018	
70	1283	278.4	997	
71	1223	278.8	976	
72	1154	278.8	965	
73	1199	279.0	965	
74	1235	279.4	1018	
75	1247	278.6	1040	
76	1276	278.2	1008	
77	1230	278.7	965	
78	1160	278.7	933	
79	1190	278.7	987	
80	1252	279.0	1040	
81	1257	279.3	1050	
82	1251	278.3	1008	
83	1212	278.9	933	
84	1163	278.8	955	
85	1178	278.0	1072	
86	1279	278.1	1305	
87	1248	278.4	1474	
88	1156	278.3	1517	
89	1147	278.6	1697	
90	1226	278.8	1898	
91	1218	278.2	1941	
92	1150	278.4	1867	
93	1135	278.8	2015	
94	1215	277.5	2396	
95	1187	277.6	2450	
96	1103	278.4	2407	
97	1194	277.6	2598	
98	1185	277.5	2555	
99	1108	278.4	2428	
100	1208	278.3	2312	
101	1191	278.1	1867	
102	1131	278.8	1887	
103	1217	278.6	1856	
104	1218	278.4	1665	
105	1145	278.7	1612	
106	1198	278.8	1697	
107	1223	278.5	1655	
108	1153	278.4	1474	
109	1193	278.7	1506	
110	1249	278.8	1474	
111	1175	278.7	1283	
112	1176	278.8	1220	
113	1260	279.0	1283	
114	1221	278.8	1188	
115	1170	278.6	1082	
116	1241	279.1	1050	
117	1267	279.3	690	
118	1185	278.8	817	
119	1197	279.0	997	
120	1296	279.5	520	
121	1235	278.8	1050	
122	1167	278.8	965	
123	1240	279.3	700	
124	1261	279.0	1092	
125	1186	278.8	1008	
126	1185	278.8	965	
127	1271	278.8	1061	
128	1247	278.8	1061	
129	1159	278.8	965	
130	1209	278.7	997	
131	1279	278.8	1082	
132	1212	278.8	997	
133	1161	278.6	965	
134	1257	278.7	1029	
135	1276	278.6	1061	
136	1166	278.6	955	
137	1178	278.3	965	
138	1283	278.3	1050	
139	1246	278.7	987	
140	1145	278.6	923	
141	1222	278.0	997	
142	1284	278.2	1018	
143	1194	278.8	913	
144	1169	278.6	933	
145	1265	278.0	997	
146	1253	278.5	965	
147	1175	279.3	901	
148	1226	278.6	1008	
149	1247	278.3	987	
150	1192	279.0	923	
151	1216	279.4	987	
152	1255	278.8	1040	
153	1190	278.8	987	
154	1199	278.9	965	
155	1276	278.9	1072	
156	1228	278.8	997	
157	1156	278.6	933	
158	1241	278.2	1029	
159	1281	278.4	1008	
160	1173	278.7	913	
161	1181	278.3	965	
162	1269	278.0	997	
163	1221	278.8	933	
164	1194	279.4	923	
165	1252	279.0	1040	
166	1214	278.8	1008	
167	1181	279.0	965	
168	1258	278.9	1040	
169	1254	278.7	1040	
170	1151	278.8	933	
171	1206	278.1	997	
172	1294	278.1	1008	
173	1204	278.8	913	
174	1169	278.8	933	
175	1247	278.4	1008	
176	1227	278.8	965	
177	1194	279.3	965	
178	1270	279.0	1072	
179	1233	278.9	1018	
180	1153	278.7	965	
181	1252	278.1	1029	
182	1276	278.4	1018	
183	1179	279.0	901	
184	1185	278.7	944	
185	1258	278.3	1029	
186	1206	279.0	923	
187	1208	279.3	987	
188	1270	279.0	1072	
189	1184	278.8	965	
190	1176	278.4	965	
191	1281	278.0	1050	
192	1248	278.5	955	
193	1166	279.0	923	
194	1231	278.4	1018	
195	1233	278.5	997	
196	1190	279.2	955	
197	1261	279.0	1040	
198	1248	278.8	1040	
199	1148	278.8	955	
200	1212	277.9	987	
201	1279	278.2	1008	
202	1193	278.9	913	
203	1197	279.0	965	
204	1251	278.8	1050	
205	1184	278.6	987	
206	1202	278.6	987	
207	1289	278.4	1050	
208	1227	278.6	965	
209	1155	278.7	923	
210	1245	278.1	1018	
211	1247	278.4	997	
212	1198	279.0	955	
213	1261	279.0	1050	
214	1239	278.8	1040	
215	1151	278.7	933	
216	1217	277.9	997	
217	1281	278.1	997	
218	1191	279.0	913	
219	1216	279.3	987	
220	1244	278.8	1072	
221	1170	278.8	976	
222	1199	278.5	987	
223	1289	278.2	1050	
224	1231	278.5	944	
225	1173	279.0	913	
226	1236	278.4	1029	
227	1223	278.6	997	
228	1180	278.8	944	
229	1265	278.8	1040	
230	1270	278.7	1040	
231	1161	278.6	923	
232	1187	278.3	965	
233	1261	277.9	1008	
234	1209	278.8	933	
235	1210	279.3	976	
236	1276	279.0	1072	
237	1203	278.8	997	
238	1161	278.4	933	
239	1253	277.9	1018	
240	1264	278.2	987	
241	1191	279.0	913	
242	1241	279.3	1040	
243	1242	278.8	1040	
244	1155	278.6	955	
245	1205	278.1	1008	
246	1289	278.2	1040	
247	1226	278.8	933	
248	1180	279.3	923	
249	1251	278.8	1018	
250	1220	278.7	997	
251	1168	278.6	965	
252	1255	278.3	1040	
253	1289	278.3	1018	
254	1198	278.8	913	
255	1172	278.8	955	
256	1242	278.7	1040	
257	1214	278.6	997	
258	1184	278.8	965	
259	1260	278.6	1050	
260	1267	278.7	1018	
261	1172	278.6	913	
262	1174	278.5	944	
263	1255	278.1	1018	
264	1241	278.3	987	
265	1190	279.0	955	
266	1261	279.0	1050	
267	1261	278.8	1072	
268	1162	278.7	944	
269	1170	278.1	965	
270	1261	277.8	1008	
271	1253	278.3	965	
272	1193	279.3	913	
273	1251	279.1	1040	
274	1245	278.7	1040	
275	1159	278.6	965	
276	1172	278.1	965	
277	1270	278.0	1008	
278	1253	278.4	965	
279	1184	279.1	913	
280	1228	279.4	997	
281	1254	278.8	1050	
282	1175	278.7	965	
283	1179	278.4	976	
284	1276	278.0	1018	
285	1260	278.3	965	
286	1187	278.9	913	
287	1226	279.2	997	
288	1240	278.8	1050	
289	1173	278.6	955	
290	1180	278.4	997	
291	1281	278.3	1040	
292	1267	278.3	997	
293	1175	278.8	901	
294	1185	278.8	965	
295	1244	278.6	1029	
296	1212	278.6	987	
297	1184	278.8	955	
298	1261	278.6	1029	
299	1279	278.5	1018	
300	1184	278.6	913	
301	1170	278.6	933	
302	1247	278.3	1008	
303	1245	278.3	976	
304	1190	279.0	933	
305	1242	278.8	1018	
306	1276	278.7	1072	
307	1191	278.7	976	
308	1150	278.2	913	
309	1222	278.0	1008	
310	1261	278.1	997	
311	1210	278.8	913	
312	1199	279.3	965	
313	1265	279.1	1061	
314	1241	278.8	1050	
315	1151	278.8	955	
316	1180	278.1	955	
